═══════════════════════════════════════════════════════════
  CROSS-CLASS EIGENVALUE RESULTS (N = 10..61)
═══════════════════════════════════════════════════════════

     N    λ_min(G)  λ_min(blk)  λ_min(crs)     blk+crs sum>0
  ─────────────────────────────────────────────────────────────────
    10   0.0319761   0.0324721  -0.8388157  -0.8063437     ✗
    11   0.0319752   0.0324721  -0.8649134  -0.8324414     ✗
    12   0.0249248   0.0259606  -0.9770404  -0.9510799     ✗
    13   0.0248864   0.0259606  -1.0077768  -0.9818163     ✗
    14   0.0248370   0.0258569  -1.1207403  -1.0948835     ✗
    15   0.0248126   0.0258569  -1.2213216  -1.1954648     ✗
    16   0.0246127   0.0255493  -1.3285072  -1.3029580     ✗
    17   0.0246122   0.0255493  -1.3551080  -1.3295588     ✗
    18   0.0231055   0.0253080  -1.4712880  -1.4459800     ✗
    19   0.0230975   0.0253080  -1.5141118  -1.4888038     ✗
    20   0.0227802   0.0245100  -1.6257442  -1.6012342     ✗
    21   0.0227600   0.0245100  -1.7248652  -1.7003553     ✗
    22   0.0227552   0.0244579  -1.8362495  -1.8117916     ✗
    23   0.0227444   0.0244579  -1.8711028  -1.8466449     ✗
    24   0.0207425   0.0215535  -1.9824346  -1.9608811     ✗
    25   0.0207423   0.0215535  -2.0323067  -2.0107532     ✗
    26   0.0207406   0.0215533  -2.1459006  -2.1243473     ✗
    27   0.0207162   0.0215533  -2.2404405  -2.2188873     ✗
    28   0.0205681   0.0213477  -2.3526500  -2.3313023     ✗
    29   0.0205681   0.0213477  -2.4579636  -2.4366159     ✗
    30   0.0199031   0.0211992  -2.5734955  -2.5522963     ✗
    31   0.0199002   0.0211992  -2.6003992  -2.5791999     ✗
    32   0.0198950   0.0211745  -2.7108546  -2.6896801     ✗
    33   0.0198937   0.0211745  -2.8215466  -2.8003722     ✗
    34   0.0198918   0.0211687  -2.9329882  -2.9118195     ✗
    35   0.0198828   0.0211687  -2.9711830  -2.9500143     ✗
    36   0.0187390   0.0202373  -3.0847693  -3.0645319     ✗
    37   0.0187390   0.0202373  -3.1331436  -3.1129062     ✗
    38   0.0187384   0.0202371  -3.2466615  -3.2264244     ✗
    39   0.0187384   0.0202371  -3.3481348  -3.3278978     ✗
    40   0.0185761   0.0199405  -3.4605811  -3.4406406     ✗
    41   0.0185758   0.0199405  -3.4849421  -3.4650016     ✗
    42   0.0183885   0.0198682  -3.6002502  -3.5803820     ✗
    43   0.0183885   0.0198682  -3.7065318  -3.6866636     ✗
    44   0.0183678   0.0198187  -3.8188876  -3.7990689     ✗
    45   0.0183197   0.0198187  -3.9336250  -3.9138064     ✗
    46   0.0183197   0.0198186  -4.0458927  -4.0260741     ✗
    47   0.0183196   0.0198186  -4.0702337  -4.0504151     ✗
    48   0.0180287   0.0191214  -4.1819361  -4.1628147     ✗
    49   0.0180280   0.0191214  -4.2077959  -4.1886745     ✗
    50   0.0180115   0.0191189  -4.3210773  -4.3019584     ✗
    51   0.0180114   0.0191189  -4.4331823  -4.4140634     ✗
    52   0.0180038   0.0191021  -4.5452462  -4.5261442     ✗
    53   0.0180028   0.0191021  -4.5670774  -4.5479753     ✗
    54   0.0178218   0.0190867  -4.6814592  -4.6623725     ✗
    55   0.0178213   0.0190867  -4.7201319  -4.7010452     ✗
    56   0.0177514   0.0189471  -4.8325192  -4.8135721     ✗
    57   0.0177513   0.0189471  -4.9422999  -4.9233528     ✗
    58   0.0177513   0.0189467  -5.0557428  -5.0367961     ✗
    59   0.0177503   0.0189467  -5.0833232  -5.0643765     ✗
    60   0.0167546   0.0180426  -5.1968284  -5.1787858     ✗
    61   0.0167545   0.0180426  -5.2254773  -5.2074347     ✗

  Weyl inequality violations: 0
  Results written to: cross_class_results.json
═══════════════════════════════════════════════════════════
