═══════════════════════════════════════════════════════════════════════════
  SCHUR BRIDGE ANALYSIS: λ_min(G) / λ_min(G^𝕆)
  If this ratio stabilizes at C > 0, the bridge axiom works.
═══════════════════════════════════════════════════════════════════════════

     N   λ_min(G) λ_min(G^𝕆) λ_min(crs)    G/G^𝕆    G^𝕆/G
  ──────────────────────────────────────────────────────────────────
    10  0.0319761  0.0324721   -0.83882  0.98473    1.016
    11  0.0319752  0.0324721   -0.86491  0.98470    1.016
    12  0.0249248  0.0259606   -0.97704  0.96010    1.042
    13  0.0248864  0.0259606   -1.00778  0.95862    1.043
    14  0.0248370  0.0258569   -1.12074  0.96056    1.041
    15  0.0248126  0.0258569   -1.22132  0.95961    1.042
    16  0.0246127  0.0255493   -1.32851  0.96334    1.038
    17  0.0246122  0.0255493   -1.35511  0.96332    1.038
    18  0.0231055  0.0253080   -1.47129  0.91297    1.095
    19  0.0230975  0.0253080   -1.51411  0.91266    1.096
    20  0.0227802  0.0245100   -1.62574  0.92943    1.076
    21  0.0227600  0.0245100   -1.72487  0.92860    1.077
    22  0.0227552  0.0244579   -1.83625  0.93038    1.075
    23  0.0227444  0.0244579   -1.87110  0.92994    1.075
    24  0.0207425  0.0215535   -1.98243  0.96237    1.039
    25  0.0207423  0.0215535   -2.03231  0.96236    1.039
    26  0.0207406  0.0215533   -2.14590  0.96230    1.039
    27  0.0207162  0.0215533   -2.24044  0.96116    1.040
    28  0.0205681  0.0213477   -2.35265  0.96348    1.038
    29  0.0205681  0.0213477   -2.45796  0.96348    1.038
    30  0.0199031  0.0211992   -2.57350  0.93886    1.065
    31  0.0199002  0.0211992   -2.60040  0.93872    1.065
    32  0.0198950  0.0211745   -2.71085  0.93957    1.064
    33  0.0198937  0.0211745   -2.82155  0.93951    1.064
    34  0.0198918  0.0211687   -2.93299  0.93968    1.064
    35  0.0198828  0.0211687   -2.97118  0.93925    1.065
    36  0.0187390  0.0202373   -3.08477  0.92596    1.080
    37  0.0187390  0.0202373   -3.13314  0.92596    1.080
    38  0.0187384  0.0202371   -3.24666  0.92595    1.080
    39  0.0187384  0.0202371   -3.34813  0.92594    1.080
    40  0.0185761  0.0199405   -3.46058  0.93158    1.073
    41  0.0185758  0.0199405   -3.48494  0.93156    1.073
    42  0.0183885  0.0198682   -3.60025  0.92553    1.080
    43  0.0183885  0.0198682   -3.70653  0.92552    1.080
    44  0.0183678  0.0198187   -3.81889  0.92679    1.079
    45  0.0183197  0.0198187   -3.93363  0.92437    1.082
    46  0.0183197  0.0198186   -4.04589  0.92437    1.082
    47  0.0183196  0.0198186   -4.07023  0.92436    1.082
    48  0.0180287  0.0191214   -4.18194  0.94286    1.061
    49  0.0180280  0.0191214   -4.20780  0.94282    1.061
    50  0.0180115  0.0191189   -4.32108  0.94208    1.061
    51  0.0180114  0.0191189   -4.43318  0.94207    1.061
    52  0.0180038  0.0191021   -4.54525  0.94250    1.061
    53  0.0180028  0.0191021   -4.56708  0.94245    1.061
    54  0.0178218  0.0190867   -4.68146  0.93373    1.071
    55  0.0178213  0.0190867   -4.72013  0.93371    1.071
    56  0.0177514  0.0189471   -4.83252  0.93689    1.067
    57  0.0177513  0.0189471   -4.94230  0.93689    1.067
    58  0.0177513  0.0189467   -5.05574  0.93691    1.067
    59  0.0177503  0.0189467   -5.08332  0.93685    1.067
    60  0.0167546  0.0180426   -5.19683  0.92861    1.077
    61  0.0167545  0.0180426   -5.22548  0.92861    1.077

  ─── Bridge Ratio Statistics ───
    Overall:  min=0.91266 max=0.98473 mean=0.94105
    Last 10:  min=0.92861 mean=0.93571

  ✓ Bridge ratio is POSITIVE (C ≈ 0.9286)
    → λ_min(G) ≥ 0.9286 · λ_min(G^𝕆) for N ≤ 61

  Results written to: schur_bridge_results.json
═══════════════════════════════════════════════════════════════════════════
