═══ MÖBIUS CANCELLATION MICROSCOPE v2 — N=1000 ═══
Dim: 999

QUADRATIC FORM vᵀGv
  Total:        3.142863493654521e-1
  Diagonal:     7.145935421334191e-1
  Off-diagonal: -4.003071927679669e-1
  |off|/|diag|: 0.560189

SANITY: diag+off=3.142863493654521e-1  err=5.55e-17

VAUGHAN TYPE DECOMPOSITION
  I  (min≤N^1/3):   2.884748573326403e-1  (91.79%)
  II (mid range):   2.010227252356966e-2  (6.40%)
  III(min>N^2/3):   5.709219509242137e-3  (1.82%)
  Sum check err: 0.00e0

LIOUVILLE PARITY
  (+,+): -2.631229725642661e-1  (+,-): 2.714482911064051e-1
  (-,+): 2.714482911064051e-1  (-,-): 3.451273971690805e-2
  Same:  -2.286102328473581e-1  Cross: 5.428965822128102e-1
  Cancel ratio: 0.407367

ROTOR CHANNELS (mod-8)
  χ_0: 2.438026994382768e-2
  χ_1: 4.361453258840663e-1
  χ_2: 2.438026994382768e-2
  χ_3: 4.361453258840663e-1

ω-CLASS MATRIX (rows=ω(j), cols=ω(k))
       ω=       0  ω=       1  ω=       2  ω=       3  ω=       4  ω=       5
ω=0     0.0000e0    0.0000e0    0.0000e0    0.0000e0    0.0000e0    0.0000e0
ω=1     0.0000e0  -2.2274e-1   1.1285e-1   1.4853e-2   7.2003e-3    0.0000e0
ω=2     0.0000e0   1.1285e-1  -1.6882e-1   2.3033e-1  -6.9348e-3    0.0000e0
ω=3     0.0000e0   1.4853e-2   2.3033e-1  -1.9579e-2   4.5635e-3    0.0000e0
ω=4     0.0000e0   7.2003e-3  -6.9348e-3   4.5635e-3  -3.0294e-4    0.0000e0
ω=5     0.0000e0    0.0000e0    0.0000e0    0.0000e0    0.0000e0    0.0000e0

DYADIC SCALE BANDS (rows=⌊log₂j⌋, cols=⌊log₂k⌋)
      [   2,    4) [   4,    8) [   8,   16) [  16,   32) [  32,   64) [  64,  128) [ 128,  256) [ 256,  512) [ 512, 1024) [1024, 2048)
[  2,4)    1.0866e-1   -1.5797e-3   -1.2441e-2   -4.5004e-3    3.9815e-3   -9.3231e-4   -5.7631e-5   -8.3972e-4    2.8837e-4            —
[  4,8)   -1.5797e-3   -1.2696e-2    2.1481e-1   -7.3222e-2   -3.7386e-2    7.3372e-3    2.8308e-4    6.5848e-3   -2.2670e-3            —
[  8,16)   -1.2441e-2    2.1481e-1    1.7960e-3    2.8400e-2   -2.4656e-2   -1.6177e-2   -2.9036e-4    5.1821e-3   -1.7738e-3            —
[ 16,32)   -4.5004e-3   -7.3222e-2    2.8400e-2    1.3487e-3   -2.0150e-3    1.4912e-2    1.5390e-2    3.0412e-2   -5.6585e-3            —
[ 32,64)    3.9815e-3   -3.7386e-2   -2.4656e-2   -2.0150e-3    1.7288e-2   -1.3033e-2    1.1393e-3   -9.0365e-3   -2.9508e-2            —
[ 64,128)   -9.3231e-4    7.3372e-3   -1.6177e-2    1.4912e-2   -1.3033e-2   -8.1388e-3    2.9607e-3    1.7908e-2   -1.1825e-2            —
[128,256)   -5.7631e-5    2.8308e-4   -2.9036e-4    1.5390e-2    1.1393e-3    2.9607e-3    7.9650e-3    1.4616e-3   -3.3094e-3            —
[256,512)   -8.3972e-4    6.5848e-3    5.1821e-3    3.0412e-2   -9.0365e-3    1.7908e-2    1.4616e-3    5.1795e-3   -3.9988e-3            —
[512,1024)    2.8837e-4   -2.2670e-3   -1.7738e-3   -5.6585e-3   -2.9508e-2   -1.1825e-2   -3.3094e-3   -3.9988e-3   -1.9245e-4            —
[1024,2048)            —            —            —            —            —            —            —            —            —            —

SIGN STATISTICS
  Positive: 184834 (50.0%)  sum=3.54749107e1
  Negative: 184830 (50.0%)  sum=-3.51606243e1
  |Σ|/Σ|·| = 0.00444941
  Cancellation power: 224.75x

ROBIN σ(d)/d CORRELATION
  d	Q_d			σ(d)/d	e^γ·ln(ln(d))	margin
  1	-8.39012253e-1	1.000000	inf	+inf
  2	-7.11674660e-1	1.500000	inf	+inf
  3	4.05126831e-2	1.333333	0.167506	-1.165827
  4	5.03999745e-1	1.750000	0.581759	-1.168241
  5	-2.59102240e-2	1.200000	0.847586	-0.352414
  6	7.85686181e-1	2.000000	1.038718	-0.961282
  7	4.52366491e-2	1.142857	1.185713	+0.042856
  8	1.80851653e-1	1.875000	1.303922	-0.571078
  9	-1.12418117e-2	1.444444	1.402051	-0.042393
  10	-3.91632647e-3	1.800000	1.485472	-0.314528
  11	1.78448770e-2	1.090909	1.557711	+0.466801
  12	1.49744304e-1	2.333333	1.621195	-0.712139
  13	9.09727519e-3	1.076923	1.677661	+0.600738
  14	8.42218415e-2	1.714286	1.728391	+0.014106
  15	8.96531722e-3	1.600000	1.774356	+0.174356
  16	7.86243853e-3	1.937500	1.816305	-0.121195
  17	-5.14087878e-3	1.058824	1.854829	+0.796006
  18	-2.06406551e-2	2.166667	1.890404	-0.276263
  19	1.18312598e-3	1.052632	1.923413	+0.870781
  20	2.80628122e-2	2.100000	1.954173	-0.145827
  21	-1.06859727e-2	1.523810	1.982946	+0.459137
  22	-2.41493359e-3	1.636364	2.009955	+0.373592
  23	8.94030837e-3	1.043478	2.035386	+0.991908
  24	9.59215574e-3	2.500000	2.059399	-0.440601
  25	-3.77665846e-4	1.240000	2.082131	+0.842131
  26	-8.17820560e-3	1.615385	2.103701	+0.488317
  27	4.02308469e-3	1.481481	2.124214	+0.642733
  28	-8.25701873e-3	2.000000	2.143759	+0.143759
  29	4.87783374e-4	1.034483	2.162418	+1.127935
  30	2.30186394e-2	2.400000	2.180260	-0.219740
