═══ MÖBIUS CANCELLATION MICROSCOPE v2 — N=10000 ═══
Dim: 9999

QUADRATIC FORM vᵀGv
  Total:        1.668369282149590e-1
  Diagonal:     6.982460196910008e-1
  Off-diagonal: -5.314090914760419e-1
  |off|/|diag|: 0.761063

SANITY: diag+off=1.668369282149589e-1  err=1.39e-16

VAUGHAN TYPE DECOMPOSITION
  I  (min≤N^1/3):   4.263670927243255e-1  (255.56%)
  II (mid range):   -2.836069231398854e-1  (169.99%)
  III(min>N^2/3):   2.407675863051897e-2  (14.43%)
  Sum check err: 5.55e-17

LIOUVILLE PARITY
  (+,+): -4.362129839752896e-1  (+,-): 3.312582953355180e-1
  (-,+): 3.312582953355181e-1  (-,-): -5.946667848078768e-2
  Same:  -4.956796624560773e-1  Cross: 6.625165906710362e-1
  Cancel ratio: 0.144049

ROTOR CHANNELS (mod-8)
  χ_0: 7.465697093209432e-2
  χ_1: 6.196926496713110e-1
  χ_2: 7.465697093209432e-2
  χ_3: 6.196926496713110e-1

ω-CLASS MATRIX (rows=ω(j), cols=ω(k))
       ω=       0  ω=       1  ω=       2  ω=       3  ω=       4  ω=       5
ω=0     0.0000e0    0.0000e0    0.0000e0    0.0000e0    0.0000e0    0.0000e0
ω=1     0.0000e0  -3.6025e-1   1.8167e-1  -1.8339e-2  -1.6820e-2   5.5954e-4
ω=2     0.0000e0   1.8167e-1  -4.3487e-1   3.7535e-1  -5.1218e-2   5.2665e-4
ω=3     0.0000e0  -1.8339e-2   3.7535e-1  -6.1139e-2   3.8784e-2  -2.8755e-4
ω=4     0.0000e0  -1.6820e-2  -5.1218e-2   3.8784e-2   3.2244e-3  -2.7332e-4
ω=5     0.0000e0   5.5954e-4   5.2665e-4  -2.8755e-4  -2.7332e-4  -2.9931e-5

DYADIC SCALE BANDS (rows=⌊log₂j⌋, cols=⌊log₂k⌋)
      [   2,    4) [   4,    8) [   8,   16) [  16,   32) [  32,   64) [  64,  128) [ 128,  256) [ 256,  512) [ 512, 1024) [1024, 2048) [2048, 4096) [4096, 8192) [8192,16384) [16384,32768)
[  2,4)    1.0745e-1    4.9013e-3   -1.0414e-2   -4.8217e-3    3.6940e-3   -8.5150e-4    6.8662e-5   -1.4734e-3    5.7984e-4    2.4635e-4   -3.6231e-4    1.6758e-4   -2.1733e-5            —
[  4,8)    4.9013e-3   -2.0690e-2    2.5558e-1   -9.2279e-2   -5.0106e-2    9.1718e-3   -1.0883e-3    1.5565e-2   -6.1419e-3   -2.6413e-3    3.8905e-3   -1.8081e-3    2.3592e-4            —
[  8,16)   -1.0414e-2    2.5558e-1    2.8281e-4    4.0217e-2   -3.2641e-2   -3.3435e-2   -1.9161e-3    1.2935e-2   -5.0863e-3   -2.1676e-3    3.1962e-3   -1.4875e-3    1.9462e-4            —
[ 16,32)   -4.8217e-3   -9.2279e-2    4.0217e-2    1.4619e-4   -2.9340e-4    2.9534e-2    2.6291e-2    8.3645e-2   -2.1527e-2   -1.5688e-3    2.4877e-3   -1.0807e-3    1.3591e-4            —
[ 32,64)    3.6940e-3   -5.0106e-2   -3.2641e-2   -2.9340e-4    5.8039e-4   -4.3827e-5    1.6776e-4   -2.2701e-2   -1.3300e-1   -2.2510e-2   -7.7065e-3    2.3672e-3   -2.7164e-4            —
[ 64,128)   -8.5150e-4    9.1718e-3   -3.3435e-2    2.9534e-2   -4.3827e-5    9.4303e-4    1.4220e-4   -7.3017e-4    3.4614e-4    2.9329e-4   -6.5009e-2    2.7339e-2   -5.0722e-4            —
[128,256)    6.8662e-5   -1.0883e-3   -1.9161e-3    2.6291e-2    1.6776e-4    1.4220e-4    1.1323e-2   -2.1659e-3   -5.5035e-3    3.0659e-2    9.2619e-3   -1.4278e-4    7.0344e-3            —
[256,512)   -1.4734e-3    1.5565e-2    1.2935e-2    8.3645e-2   -2.2701e-2   -7.3017e-4   -2.1659e-3    1.8612e-2   -1.1396e-2   -2.3766e-2    1.5735e-2   -7.8501e-3    1.2208e-3            —
[512,1024)    5.7984e-4   -6.1419e-3   -5.0863e-3   -2.1527e-2   -1.3300e-1    3.4614e-4   -5.5035e-3   -1.1396e-2    1.6627e-2    4.1761e-4    4.9157e-4    1.2733e-2    1.1750e-3            —
[1024,2048)    2.4635e-4   -2.6413e-3   -2.1676e-3   -1.5688e-3   -2.2510e-2    2.9329e-4    3.0659e-2   -2.3766e-2    4.1761e-4   -4.8951e-3   -6.7778e-3    5.7327e-3   -1.5627e-3            —
[2048,4096)   -3.6231e-4    3.8905e-3    3.1962e-3    2.4877e-3   -7.7065e-3   -6.5009e-2    9.2619e-3    1.5735e-2    4.9157e-4   -6.7778e-3   -5.3977e-3   -2.9706e-3    7.0462e-4            —
[4096,8192)    1.6758e-4   -1.8081e-3   -1.4875e-3   -1.0807e-3    2.3672e-3    2.7339e-2   -1.4278e-4   -7.8501e-3    1.2733e-2    5.7327e-3   -2.9706e-3    1.0834e-3   -3.4659e-4            —
[8192,16384)   -2.1733e-5    2.3592e-4    1.9462e-4    1.3591e-4   -2.7164e-4   -5.0722e-4    7.0344e-3    1.2208e-3    1.1750e-3   -1.5627e-3    7.0462e-4   -3.4659e-4   -1.5452e-6            —
[16384,32768)            —            —            —            —            —            —            —            —            —            —            —            —            —            —

SIGN STATISTICS
  Positive: 18501709 (50.0%)  sum=1.92044289e2
  Negative: 18501180 (50.0%)  sum=-1.91877452e2
  |Σ|/Σ|·| = 0.00043456
  Cancellation power: 2301.18x

ROBIN σ(d)/d CORRELATION
  d	Q_d			σ(d)/d	e^γ·ln(ln(d))	margin
  1	-1.16299475e0	1.000000	inf	+inf
  2	-1.11567539e0	1.500000	inf	+inf
  3	-1.31867311e-1	1.333333	0.167506	-1.165827
  4	5.62775494e-1	1.750000	0.581759	-1.168241
  5	-5.93266497e-2	1.200000	0.847586	-0.352414
  6	1.14967051e0	2.000000	1.038718	-0.961282
  7	8.30284009e-2	1.142857	1.185713	+0.042856
  8	1.98589821e-1	1.875000	1.303922	-0.571078
  9	-3.10136397e-2	1.444444	1.402051	-0.042393
  10	4.80111259e-2	1.800000	1.485472	-0.314528
  11	-6.25072518e-3	1.090909	1.557711	+0.466801
  12	2.20660929e-1	2.333333	1.621195	-0.712139
  13	-1.72733730e-3	1.076923	1.677661	+0.600738
  14	1.24135837e-1	1.714286	1.728391	+0.014106
  15	5.05017168e-3	1.600000	1.774356	+0.174356
  16	2.37417491e-2	1.937500	1.816305	-0.121195
  17	1.07022045e-2	1.058824	1.854829	+0.796006
  18	-2.57975069e-2	2.166667	1.890404	-0.276263
  19	-4.21455537e-4	1.052632	1.923413	+0.870781
  20	5.37971153e-2	2.100000	1.954173	-0.145827
  21	-6.72136502e-4	1.523810	1.982946	+0.459137
  22	-3.56438271e-2	1.636364	2.009955	+0.373592
  23	4.92776582e-2	1.043478	2.035386	+0.991908
  24	2.98100373e-2	2.500000	2.059399	-0.440601
  25	1.05815324e-3	1.240000	2.082131	+0.842131
  26	-2.22222973e-2	1.615385	2.103701	+0.488317
  27	1.12658840e-2	1.481481	2.124214	+0.642733
  28	-8.28366955e-4	2.000000	2.143759	+0.143759
  29	-7.79157748e-3	1.034483	2.162418	+1.127935
  30	6.61591050e-2	2.400000	2.180260	-0.219740
