═══════════════════════════════════════════════════════════════
  CONVERGENT DROPS EXPERIMENT
  Testing: Do eigenvalue drops at HC numbers converge?
═══════════════════════════════════════════════════════════════

[1/4] Computing 499×499 Gram matrix (200000 pts)...
  Done in 2.8s

[2/4] Computing eigenvalues and Schur complements...

      N    λ_min(G_N)       Schur_N      drop δ_N   d(N)  prime      type
      2    0.29389422    0.11980530    0.00000000      2    yes         P
      3    0.06586810    0.07258557    0.22802612      2    yes         P
      4    0.04055808    0.10616352    0.02531002      3               sp
      5    0.04055604    0.06056296    0.00000203      2    yes         P
      6    0.03649456    0.10194181    0.00406149      4                 
      7    0.03649445    0.06770293    0.00000010      2    yes         P
      8    0.03233022    0.08251782    0.00416424      4                 
      9    0.03222712    0.06358001    0.00010310      3               sp
     10    0.03196757    0.09638526    0.00025955      4                 
     11    0.03196645    0.05739922    0.00000112      2    yes         P
     12    0.02492110    0.09436009    0.00704535      6                 
     13    0.02488228    0.06388588    0.00003882      2    yes         P
     14    0.02483205    0.07481651    0.00005023      4                 
     15    0.02480803    0.06531911    0.00002402      4                 
     16    0.02460730    0.09215388    0.00020073      5                 
     17    0.02460683    0.05671884    0.00000047      2    yes         P
     18    0.02309483    0.09119735    0.00151201      6                 
     19    0.02308748    0.06144079    0.00000735      2    yes         P
     20    0.02277094    0.07549004    0.00031654      6                 
     21    0.02275023    0.06383169    0.00002071      4                 
     22    0.02274576    0.09001703    0.00000447      4                 
     23    0.02273430    0.05641004    0.00001146      2    yes         P
     24    0.02073775    0.08435508    0.00199655      8               hc
     25    0.02073754    0.06370288    0.00000020      3               sp
     26    0.02073583    0.07690564    0.00000171      4                 
     27    0.02071118    0.06239166    0.00002465      4                 
     28    0.02056206    0.08868431    0.00014912      6                 
     29    0.02056194    0.05379265    0.00000013      2    yes         P
     30    0.01989197    0.08835507    0.00066996      8               hc
     31    0.01988919    0.06382288    0.00000278      2    yes         P
     36    0.01873216    0.08764018    0.00113819      9               hc
     37    0.01873215    0.06337744    0.00000000      2    yes         P
     40    0.01857056    0.08719554    0.00016073      8               hc
     41    0.01857003    0.05474358    0.00000054      2    yes         P
     42    0.01838253    0.08696292    0.00018749      8               hc
     43    0.01838250    0.06277336    0.00000003      2    yes         P
     47    0.01831338    0.05595002    0.00000004      2    yes         P
     48    0.01801540    0.08410303    0.00029798     10               hc
     50    0.01799671    0.07517520    0.00001792      6                 
     53    0.01798633    0.05588456    0.00000106      2    yes         P
     54    0.01781231    0.08100335    0.00017402      8               hc
     56    0.01774269    0.07508973    0.00006920      8               hc
     59    0.01774167    0.05349475    0.00000090      2    yes         P
     60    0.01676403    0.08593257    0.00097764     12               HC
     61    0.01676388    0.06309584    0.00000016      2    yes         P
     66    0.01671864    0.08567004    0.00003121      8               hc
     67    0.01671863    0.06278603    0.00000002      2    yes         P
     70    0.01666760    0.08553754    0.00004412      8               hc
     71    0.01666748    0.05584925    0.00000011      2    yes         P
     72    0.01630078    0.08546813    0.00036671     12               HC
     73    0.01630052    0.06293151    0.00000026      2    yes         P
     78    0.01627903    0.08531785    0.00001023      8               hc
     79    0.01627897    0.06031327    0.00000006      2    yes         P
     80    0.01624041    0.07492505    0.00003856     10               hc
     83    0.01623802    0.05455052    0.00000054      2    yes         P
     84    0.01595997    0.08082130    0.00027805     12               HC
     88    0.01594463    0.08505024    0.00001524      8               hc
     89    0.01594430    0.05340717    0.00000033      2    yes         P
     90    0.01561811    0.08234382    0.00032619     12               HC
     96    0.01559686    0.08494496    0.00001802     12               HC
     97    0.01559676    0.06155172    0.00000010      2    yes         P
    100    0.01556003    0.08482216    0.00003057      9               hc
    102    0.01555269    0.08485621    0.00000731      8               hc
    104    0.01554704    0.06992876    0.00000564      8               hc
    105    0.01553048    0.06281451    0.00001656      8               hc
    108    0.01539231    0.08475505    0.00013807     12               HC
    110    0.01538642    0.07464013    0.00000589      8               hc
    112    0.01537570    0.08469351    0.00001067     10               hc
    114    0.01537360    0.08063133    0.00000209      8               hc
    120    0.01491553    0.08369242    0.00045533     16               HC
    126    0.01481426    0.08453973    0.00010059     12               HC
    128    0.01481421    0.07454816    0.00000004      8               hc
    130    0.01481158    0.08448914    0.00000263      8               hc
    132    0.01476398    0.08218028    0.00004744     12               HC
    135    0.01475577    0.06251776    0.00000816      8               hc
    136    0.01475220    0.08446737    0.00000357      8               hc
    138    0.01474811    0.08438510    0.00000409      8               hc
    140    0.01469124    0.07449234    0.00005682     12               HC
    144    0.01461202    0.08054595    0.00007921     15               HC
    150    0.01453729    0.08429733    0.00007234     12               HC
    152    0.01453531    0.07421839    0.00000198      8               hc
    154    0.01453294    0.08050576    0.00000163      8               hc
    156    0.01450560    0.08427870    0.00002734     12               HC
    160    0.01450080    0.08212418    0.00000479     12               HC
    162    0.01449211    0.08422641    0.00000868     10               hc
    165    0.01448831    0.06265833    0.00000314      8               hc
    168    0.01434068    0.08360482    0.00014750     16               HC
    170    0.01433915    0.07427943    0.00000150      8               hc
    174    0.01433796    0.07869599    0.00000053      8               hc
    176    0.01433355    0.07440738    0.00000372     10               hc
    180    0.01393336    0.08419348    0.00039985     18               HC
    182    0.01393315    0.07438168    0.00000017      8               hc
    184    0.01393143    0.08041849    0.00000159      8               hc
    186    0.01393105    0.08295106    0.00000030      8               hc
    189    0.01392842    0.05989725    0.00000249      8               hc
    190    0.01392802    0.08413189    0.00000040      8               hc
    192    0.01392649    0.08401399    0.00000153     14               HC
    195    0.01392556    0.06129315    0.00000089      8               hc
    196    0.01392237    0.08405655    0.00000318      9               hc
    198    0.01390191    0.08414286    0.00002035     12               HC
    200    0.01388594    0.07432323    0.00001596     12               HC
    204    0.01387215    0.08037403    0.00001374     12               HC
    208    0.01387056    0.08292496    0.00000123     10               hc
    210    0.01373815    0.08409210    0.00013240     16               HC
    216    0.01369231    0.08193940    0.00004560     16               HC
    220    0.01368256    0.08303497    0.00000967     12               HC
    222    0.01368137    0.08400429    0.00000117      8               hc
    224    0.01367997    0.07121238    0.00000140     12               HC
    225    0.01367463    0.06266217    0.00000533      9               hc
    228    0.01366747    0.08396474    0.00000715     12               HC
    230    0.01366586    0.07212384    0.00000160      8               hc
    231    0.01366479    0.06254265    0.00000107      8               hc
    232    0.01366436    0.08393291    0.00000043      8               hc
    234    0.01365228    0.08034255    0.00001204     12               HC
    238    0.01365168    0.08395091    0.00000034      8               hc
    240    0.01354561    0.08396491    0.00010604     20               HC
    246    0.01354340    0.08308513    0.00000067      8               hc
    248    0.01354271    0.07431031    0.00000057      8               hc
    250    0.01354216    0.08391004    0.00000054      8               hc
    252    0.01341181    0.08289461    0.00013029     18               HC
    255    0.01341126    0.06257300    0.00000053      8               hc
    256    0.01341125    0.08389850    0.00000001      9               hc
    258    0.01341116    0.08196644    0.00000007      8               hc
    260    0.01340431    0.07415017    0.00000680     12               HC
    264    0.01337525    0.08029682    0.00002891     16               HC
    266    0.01337514    0.07427392    0.00000010      8               hc
    270    0.01330999    0.08387084    0.00006494     16               HC
    272    0.01330931    0.07223618    0.00000068     10               hc
    273    0.01330906    0.06260427    0.00000026      8               hc
    276    0.01330074    0.08380472    0.00000826     12               HC
    280    0.01326960    0.08387894    0.00003083     16               HC
    282    0.01326943    0.08383894    0.00000017      8               hc
    285    0.01326913    0.06166139    0.00000019      8               hc
    286    0.01326903    0.08189065    0.00000010      8               hc
    288    0.01325798    0.08349447    0.00001105     18               HC
    290    0.01325790    0.07427339    0.00000007      8               hc
    294    0.01324515    0.08021000    0.00001271     12               HC
    296    0.01324470    0.07362057    0.00000045      8               hc
    297    0.01324407    0.06262726    0.00000063      8               hc
    300    0.01314427    0.08189758    0.00009978     18               HC
    304    0.01314378    0.08032722    0.00000046     10               hc
    306    0.01313644    0.08375463    0.00000715     12               HC
    308    0.01313348    0.07418932    0.00000296     12               HC
    310    0.01313328    0.08388471    0.00000020      8               hc
    312    0.01311524    0.08376362    0.00001805     16               HC
    315    0.01310437    0.06254282    0.00001083     12               HC
    318    0.01310408    0.08286702    0.00000027      8               hc
    320    0.01310355    0.07422064    0.00000047     14               HC
    322    0.01310296    0.08310895    0.00000056      8               hc
    324    0.01309333    0.07978715    0.00000963     15               HC
    328    0.01309285    0.08187151    0.00000036      8               hc
    330    0.01306564    0.08370312    0.00002720     16               HC
    336    0.01303037    0.08380056    0.00003501     20               HC
    340    0.01302722    0.08280017    0.00000312     12               HC
    342    0.01302415    0.08193842    0.00000307     12               HC
    344    0.01302393    0.07108038    0.00000021      8               hc
    345    0.01302333    0.06253880    0.00000059      8               hc
    348    0.01302122    0.08375819    0.00000211     12               HC
    350    0.01301482    0.07369733    0.00000635     12               HC
    351    0.01301445    0.06203644    0.00000037      8               hc
    352    0.01301398    0.08362903    0.00000047     12               HC
    354    0.01301343    0.08016850    0.00000054      8               hc
    357    0.01301304    0.06255308    0.00000035      8               hc
    360    0.01280365    0.08338438    0.00020928     24               HC
    364    0.01280181    0.08016214    0.00000158     12               HC
    366    0.01280115    0.08368354    0.00000066      8               hc
    368    0.01280077    0.07414425    0.00000038     10               hc
    370    0.01279988    0.08183192    0.00000083      8               hc
    372    0.01279801    0.08368390    0.00000187     12               HC
    374    0.01279799    0.07117727    0.00000002      8               hc
    375    0.01279769    0.06251228    0.00000030      8               hc
    376    0.01279762    0.08295286    0.00000007      8               hc
    378    0.01277611    0.08359320    0.00002149     16               HC
    380    0.01277447    0.07420735    0.00000164     12               HC
    384    0.01277419    0.07775585    0.00000025     16               HC
    385    0.01277396    0.06255788    0.00000023      8               hc
    390    0.01275827    0.08321766    0.00001557     16               HC
    392    0.01275685    0.07421423    0.00000142     12               HC
    396    0.01272802    0.08368238    0.00002880     18               HC
    399    0.01272797    0.05995559    0.00000005      8               hc
    400    0.01272300    0.08359950    0.00000497     15               HC
    402    0.01272294    0.08306350    0.00000005      8               hc
    405    0.01272152    0.06115857    0.00000133     10               hc
    406    0.01272149    0.08283506    0.00000003      8               hc
    408    0.01271317    0.08369035    0.00000830     16               HC
    410    0.01271307    0.07406267    0.00000008      8               hc
    414    0.01270957    0.08015600    0.00000339     12               HC
    416    0.01270932    0.07417316    0.00000024     12               HC
    418    0.01270927    0.08369388    0.00000005      8               hc
    420    0.01252078    0.08359411    0.00018841     24               HC
    424    0.01252063    0.07985712    0.00000012      8               hc
    426    0.01252063    0.08188290    0.00000000      8               hc
    429    0.01252046    0.05996754    0.00000013      8               hc
    430    0.01252039    0.08353566    0.00000007      8               hc
    432    0.01250931    0.08358883    0.00001105     20               HC
    434    0.01250922    0.07104652    0.00000005      8               hc
    435    0.01250922    0.06253189    0.00000001      8               hc
    438    0.01250918    0.08362778    0.00000003      8               hc
    440    0.01250295    0.07255798    0.00000622     16               HC
    441    0.01250198    0.06191119    0.00000097      9               hc
    442    0.01250197    0.08364587    0.00000000      8               hc
    444    0.01250013    0.08010096    0.00000184     12               HC
    448    0.01249988    0.08359739    0.00000023     14               HC
    450    0.01245742    0.08278470    0.00004241     18               HC
    455    0.01245732    0.05534148    0.00000008      8               hc
    456    0.01245254    0.08358216    0.00000478     16               HC
    459    0.01245237    0.05995095    0.00000015      8               hc
    460    0.01244983    0.08359223    0.00000254     12               HC
    462    0.01243760    0.08356653    0.00001222     16               HC
    464    0.01243739    0.07106771    0.00000021     10               hc
    465    0.01243722    0.06254153    0.00000017      8               hc
    468    0.01242105    0.08172819    0.00001616     18               HC
    470    0.01242105    0.07417655    0.00000001      8               hc
    472    0.01242097    0.08279022    0.00000007      8               hc
    474    0.01242091    0.07982621    0.00000006      8               hc
    476    0.01242003    0.07407844    0.00000085     12               HC
    480    0.01240187    0.08305157    0.00001812     24               HC
    483    0.01240165    0.06204107    0.00000019      8               hc
    484    0.01240140    0.08013258    0.00000025      9               hc
    486    0.01240088    0.08358737    0.00000052     12               HC
    488    0.01240073    0.07406799    0.00000014      8               hc
    490    0.01239736    0.08352101    0.00000337     12               HC
    492    0.01239618    0.08317745    0.00000116     12               HC
    494    0.01239618    0.07049427    0.00000000      8               hc
    495    0.01239379    0.06238497    0.00000240     12               HC
    496    0.01239368    0.08169931    0.00000011     10               hc
    498    0.01239356    0.08354524    0.00000012      8               hc
    500    0.01239133    0.00000000    0.00000221     12               HC

[3/4] ═══ DROP ANALYSIS ═══

  Top 20 largest eigenvalue drops:
      N          drop   d(N)     cumul
      3    0.22802612      2  0.228026
      4    0.02531002      3  0.253336
     12    0.00704535      6  0.260381
      8    0.00416424      4  0.264546
      6    0.00406149      4  0.268607
     24    0.00199655      8  0.270604
     18    0.00151201      6  0.272116
     36    0.00113819      9  0.273254
     60    0.00097764     12  0.274232
     30    0.00066996      8  0.274902
    120    0.00045533     16  0.275357
    180    0.00039985     18  0.275757
     72    0.00036671     12  0.276123
     90    0.00032619     12  0.276450
     20    0.00031654      6  0.276766
     48    0.00029798     10  0.277064
     84    0.00027805     12  0.277342
     10    0.00025955      4  0.277602
    360    0.00020928     24  0.277811
     16    0.00020073      5  0.278012

  Drop statistics:
    Primes:     avg = 0.00242656, max = 0.22802612, count = 94
    Composites: avg = 0.00013219, max = 0.02531002, count = 404
    HC (d≥8):   avg = 0.00005396, max = 0.00199655, count = 185

  λ_min(G_2) = 0.29389422
  Σ drops    = 0.28150288
  λ_min(G_2) - Σ drops = 0.01239133
  λ_min(G_500) = 0.01239133

[4/4] ═══ SCHUR COMPLEMENT ANALYSIS ═══

  Schur complement: Schur_N = ||f_{N+1} - proj||²

  At primes (f_{N+1} with N+1 prime):
    avg Schur = 0.05912846, min Schur = 0.05218103, count = 95
  At composites:
    avg Schur = 0.07266939, min Schur = 0.05223849, count = 403

  Testing Schur_N ≥ c/(N+1):
    min [Schur_N · (N+1)] = 0.290342 at N = 3
    ⟹ Schur_N ≥ 0.290342 / (N+1) for all N ≤ 500

  Cumulative drops in windows:
      window       Σ drops    Σ positive   # drops
     2-50      0.27587958    0.27587958        47
    50-100     0.00242403    0.00242403        50
   100-200     0.00168870    0.00168870       100
   200-300     0.00065785    0.00065785       100
   300-400     0.00051608    0.00051608       100
   400-500     0.00033442    0.00033442       100

  ════════════════════════════════════════════════════════
  ✅ Cumulative drops < λ_min(G_2): CONVERGENCE CONSISTENT
  Total time: 50.8s
═══════════════════════════════════════════════════════════════
