═══════════════════════════════════════════════════════════════
  DROP MECHANISM ANALYSIS
  Decomposing δ_N = (gᵀ v_min)² / Schur by divisor structure
═══════════════════════════════════════════════════════════════

[1/3] Computing 499×499 Gram matrix...
  Done in 2.6s

[2/3] Analyzing drop mechanism...

      M  d(M)  ω(M)        δ_M   |gᵀvmin|      Schur  δ_predict  |g̃ᵀvmin|      Σvmin
     12     6     2    7.05e-3   0.014327   0.057399    3.58e-3   0.019609   0.021746
     24     8     2    2.00e-3   0.007329   0.056410    9.52e-4   0.003051   0.017443
     30     8     3    6.70e-4   0.003577   0.053793    2.38e-4   0.006596   0.012258
     36     9     2    1.14e-3   0.005665   0.056127    5.72e-4   0.002189   0.014104
     48    10     2    2.98e-4   0.002725   0.055950    1.33e-4   0.005708   0.012078
     60    12     3    9.78e-4   0.005007   0.053495    4.69e-4   0.002407   0.010499
     72    12     2    3.67e-4   0.003315   0.055849    1.97e-4   0.005880   0.010352
     84    12     3    2.78e-4   0.002728   0.054551    1.36e-4   0.000375   0.009484
     90    12     3    3.26e-4   0.002941   0.053407    1.62e-4   0.000619   0.009353
    120    16     3    4.55e-4   0.003619   0.053380    2.45e-4   0.005826   0.008881
    168    16     3    1.47e-4   0.002109   0.054433    8.17e-5   0.004029   0.007717
    180    18     3    4.00e-4   0.003510   0.053311    2.31e-4   0.005386   0.007535
    210    16     4    1.32e-4   0.001914   0.052238    7.01e-5   0.000158   0.007049
    240    20     3    1.06e-4   0.001747   0.053349    5.72e-5   0.000014   0.007068
    252    18     3    1.30e-4   0.002030   0.054415    7.57e-5   0.003699   0.006693
    270    16     3    6.49e-5   0.001393   0.053284    3.64e-5   0.003029   0.006559
    300    18     3    9.98e-5   0.001723   0.053237    5.58e-5   0.003328   0.006439
    336    20     3    3.50e-5   0.001057   0.054424    2.05e-5   0.000533   0.006378
    360    24     3    2.09e-4   0.002598   0.053311    1.27e-4   0.001034   0.006273
    420    24     4    1.88e-4   0.002370   0.052181    1.08e-4   0.003803   0.005741
    480    24     3    1.81e-5   0.000745   0.053274    1.04e-5   0.002161   0.005674

[3/3] ═══ SCALING ANALYSIS ═══

  Testing: |gᵀ v_min| ∝ N^(-β)  for HC numbers

  Fit: |gᵀ v_min| ≈ 0.0418 · N^(-0.5615)
  Therefore: δ_N ≈ 0.0418² · N^(-1.1231) / 0.06 = 0.0291 · N^(-1.1231)

  ✅ Exponent 2β = 1.1231 > 1 ⟹ Σ δ_N CONVERGES!
     (even without d(N)² factor, the sum converges)

  Fit verification:
      N   |gᵀv| data    |gᵀv| fit    ratio
     60     0.005007     0.004190   1.1952
     72     0.003315     0.003782   0.8765
     84     0.002728     0.003468   0.7866
     90     0.002941     0.003336   0.8815
    120     0.003619     0.002839   1.2748
    168     0.002109     0.002350   0.8972
    180     0.003510     0.002261   1.5525
    210     0.001914     0.002073   0.9231
    240     0.001747     0.001923   0.9080
    252     0.002030     0.001872   1.0848
    270     0.001393     0.001800   0.7740
    300     0.001723     0.001697   1.0153
    336     0.001057     0.001592   0.6638
    360     0.002598     0.001532   1.6958
    420     0.002370     0.001405   1.6874
    480     0.000745     0.001303   0.5713

  ═══ DIVISOR DECOMPOSITION ═══

  For each HC number N+1, decompose gᵀ v_min by gcd(k, N+1):

  M = 60 (d(M) = 12, ω(M) = 3):
       gcd      Σ(g̃·v)  count     avg|v|
         2  -0.00364861      8   0.043982
         3  -0.00120838      8   0.062389
         4   0.00095819      8   0.118868
         5  -0.00001692      4   0.030330
         6  -0.00068302      4   0.215172
        10  -0.00169962      2   0.089914
        12   0.00350643      4   0.231847
        15  -0.00196604      2   0.069627
        20   0.00235760      2   0.094240
        30   0.00495954      1   0.118618
    Total divisor projection: 0.00240660 (gᵀv = g̃ᵀv + c₀·1ᵀv)

  M = 120 (d(M) = 16, ω(M) = 3):
       gcd      Σ(g̃·v)  count     avg|v|
         2  -0.00318035     16   0.023803
         3  -0.00124355     16   0.032818
         4   0.00190647      8   0.056571
         5  -0.00043869      8   0.022671
         6   0.00075004      8   0.116600
         8   0.00011604      8   0.051071
        10  -0.00065775      4   0.073065
        12   0.00159572      4   0.187698
        15  -0.00098393      4   0.070300
        20   0.00220866      2   0.103065
        24  -0.00225519      4   0.103916
        30   0.00458147      2   0.185038
        40  -0.00169490      2   0.050542
        60  -0.00627455      1   0.149584
    Total divisor projection: -0.00582594 (gᵀv = g̃ᵀv + c₀·1ᵀv)

  M = 180 (d(M) = 18, ω(M) = 3):
       gcd      Σ(g̃·v)  count     avg|v|
         2  -0.00288280     24   0.017237
         3  -0.00140523     16   0.017248
         4   0.00146315     24   0.043587
         5  -0.00050616     12   0.016731
         6   0.00115383      8   0.071966
         9   0.00002781      8   0.029917
        10  -0.00013253      6   0.057615
        12   0.00057351      8   0.127807
        15  -0.00056907      4   0.048858
        18   0.00118711      4   0.089658
        20   0.00109384      6   0.077533
        30   0.00303803      2   0.143427
        36  -0.00195330      4   0.098364
        45   0.00143773      2   0.041675
        60  -0.00420930      2   0.158621
        90  -0.00341042      1   0.081224
    Total divisor projection: -0.00538559 (gᵀv = g̃ᵀv + c₀·1ᵀv)

  M = 240 (d(M) = 20, ω(M) = 3):
       gcd      Σ(g̃·v)  count     avg|v|
         2  -0.00253327     32   0.013240
         3  -0.00099501     32   0.018529
         4   0.00191285     16   0.030593
         5  -0.00055661     16   0.014637
         6   0.00106925     16   0.064838
         8  -0.00036377      8   0.036143
        10   0.00012204      8   0.048702
        12   0.00018365      8   0.102932
        15  -0.00025545      8   0.047188
        16  -0.00020016      8   0.018315
        20   0.00098247      4   0.073259
        24  -0.00118448      4   0.106169
        30   0.00192734      4   0.138890
        40  -0.00149035      2   0.067356
        48   0.00097426      4   0.038892
        60  -0.00425227      2   0.174062
        80   0.00077749      2   0.020348
       120   0.00421709      1   0.100821
    Total divisor projection: -0.00001415 (gᵀv = g̃ᵀv + c₀·1ᵀv)

  M = 360 (d(M) = 24, ω(M) = 3):
       gcd      Σ(g̃·v)  count     avg|v|
         2  -0.00222312     48   0.009368
         3  -0.00127086     32   0.010587
         4   0.00183906     24   0.021817
         5  -0.00054272     24   0.010732
         6   0.00139390     16   0.040569
         8  -0.00041807     24   0.023393
         9   0.00024896     16   0.019671
        10   0.00030867     12   0.036805
        12  -0.00017315      8   0.073274
        15  -0.00008186      8   0.035077
        18   0.00032439      8   0.060744
        20   0.00048654      6   0.059477
        24  -0.00063463      8   0.067677
        30   0.00135306      4   0.109139
        36  -0.00122289      4   0.085736
        40  -0.00083977      6   0.044231
        45   0.00076969      4   0.038463
        60  -0.00306937      2   0.146558
        72   0.00125927      4   0.052553
        90  -0.00299881      2   0.100194
       120   0.00288708      2   0.091915
       180   0.00400382      1   0.095729
    Total divisor projection: 0.00103391 (gᵀv = g̃ᵀv + c₀·1ᵀv)

  M = 420 (d(M) = 24, ω(M) = 4):
       gcd      Σ(g̃·v)  count     avg|v|
         2  -0.00232106     48   0.006269
         3  -0.00090670     48   0.010270
         4   0.00126266     48   0.017294
         5  -0.00054587     24   0.007994
         6   0.00109207     24   0.038244
         7  -0.00019021     16   0.005266
        10   0.00034434     12   0.028807
        12  -0.00018729     24   0.062668
        14   0.00001058      8   0.017733
        15  -0.00003099     12   0.030340
        20   0.00025050     12   0.046282
        21  -0.00014539      8   0.023274
        28   0.00029394      8   0.030299
        30   0.00087073      6   0.096995
        35  -0.00022937      4   0.013405
        42   0.00083305      4   0.068726
        60  -0.00159127      6   0.126001
        70   0.00087871      2   0.038357
        84  -0.00119956      4   0.068553
       105   0.00095094      2   0.031430
       140  -0.00095493      2   0.035692
       210  -0.00220588      1   0.052683
    Total divisor projection: -0.00380309 (gᵀv = g̃ᵀv + c₀·1ᵀv)

  ═══ EIGENVECTOR STRUCTURE ═══

  v_min at N=500:
  λ_min = 0.01239354
  ||v_min||² = 1.00000000
  Σ v_min = 0.00559149 (should be ≈ 0 if ⊥ to 1)

  |v_min[k]| at selected k:
      k    |v_min[k]|
      2    0.12018713
      3    0.10105506
      5    0.08635982
     10    0.17982972
     20    0.19270718
     50    0.07403230
    100    0.06136589
    200    0.02680954
    300    0.05340277
    400    0.01077013
    498    0.00180061

  v_min[k] scaling: |v_min| ∝ k^(-1.0493)
  (negative slope means entries decay with k)

  Total time: 7.4s
═══════════════════════════════════════════════════════════════
