═══════════════════════════════════════════════════════════════
  DROP BOUND VERIFICATION
  Establishing δ_N ≤ C · d(N+1)² / (N+1)²
  and computing tail sum for HYPERZETA proof
═══════════════════════════════════════════════════════════════

[1/5] Computing 499×499 Gram matrix...
  Done in 2.9s

[2/5] Computing eigenvalue drops and fitting C...

[3/5] Fitting drop bound coefficient C

      N           δ_N   d(N)        d(N)²/N²     C = δ·N²/d²
      3    0.22802612      2      0.44444444      0.51305877
      4    0.02531002      3      0.56250000      0.04499559
      5    0.00000203      2      0.16000000      0.00001272
      6    0.00406149      4      0.44444444      0.00913835
      7    0.00000010      2      0.08163265      0.00000124
      8    0.00416424      4      0.25000000      0.01665695
      9    0.00010310      3      0.11111111      0.00092787
     10    0.00025955      4      0.16000000      0.00162220
     11    0.00000112      2      0.03305785      0.00003377
     12    0.00704535      6      0.25000000      0.02818141
     13    0.00003882      2      0.02366864      0.00164007
     14    0.00005023      4      0.08163265      0.00061534
     15    0.00002402      4      0.07111111      0.00033775
     16    0.00020073      5      0.09765625      0.00205550
     17    0.00000047      2      0.01384083      0.00003360
     18    0.00151201      6      0.11111111      0.01360805
     19    0.00000735      2      0.01108033      0.00066368
     20    0.00031654      6      0.09000000      0.00351707
     21    0.00002071      4      0.03628118      0.00057085
     22    0.00000447      4      0.03305785      0.00013512
     23    0.00001146      2      0.00756144      0.00151589
     24    0.00199655      8      0.11111111      0.01796898
     25    0.00000020      3      0.01440000      0.00001399
     26    0.00000171      4      0.02366864      0.00007239
     27    0.00002465      4      0.02194787      0.00112301
     28    0.00014912      6      0.04591837      0.00324753
     29    0.00000013      2      0.00475624      0.00002637
     30    0.00066996      8      0.07111111      0.00942137
     60    0.00097764     12      0.04000000      0.02444098
     72    0.00036671     12      0.02777778      0.01320140
     84    0.00027805     12      0.02040816      0.01362434
     90    0.00032619     12      0.01777778      0.01834838
     96    0.00001802     12      0.01562500      0.00115350
    108    0.00013807     12      0.01234568      0.01118374
    120    0.00045533     16      0.01777778      0.02561227
    126    0.00010059     12      0.00907029      0.01109004
    132    0.00004744     12      0.00826446      0.00574023
    140    0.00005682     12      0.00734694      0.00773448
    144    0.00007921     15      0.01085069      0.00729954
    150    0.00007234     12      0.00640000      0.01130313
    156    0.00002734     12      0.00591716      0.00462033
    160    0.00000479     12      0.00562500      0.00085195
    168    0.00014750     16      0.00907029      0.01626151
    180    0.00039985     18      0.01000000      0.03998522
    192    0.00000153     14      0.00531684      0.00028686
    198    0.00002035     12      0.00367309      0.00554095
    200    0.00001596     12      0.00360000      0.00443251
    204    0.00001374     12      0.00346021      0.00397214
    210    0.00013240     16      0.00580499      0.02280833
    216    0.00004560     16      0.00548697      0.00831107
    220    0.00000967     12      0.00297521      0.00324999
    224    0.00000140     12      0.00286990      0.00048829
    228    0.00000715     12      0.00277008      0.00258039
    234    0.00001204     12      0.00262985      0.00457667
    240    0.00010604     20      0.00694444      0.01526946
    252    0.00013029     18      0.00510204      0.02553737
    260    0.00000680     12      0.00213018      0.00319388
    264    0.00002891     16      0.00367309      0.00787190
    270    0.00006494     16      0.00351166      0.01849314
    276    0.00000826     12      0.00189036      0.00437113
    280    0.00003083     16      0.00326531      0.00944170
    288    0.00001105     18      0.00390625      0.00282779
    294    0.00001271     12      0.00166597      0.00762891
    300    0.00009978     18      0.00360000      0.02771660
    306    0.00000715     12      0.00153787      0.00464931
    308    0.00000296     12      0.00151796      0.00194846
    312    0.00001805     16      0.00262985      0.00686242
    315    0.00001083     12      0.00145125      0.00746238
    320    0.00000047     14      0.00191406      0.00024581
    324    0.00000963     15      0.00214335      0.00449453
    330    0.00002720     16      0.00235078      0.01157095
    336    0.00003501     20      0.00354308      0.00988159
    340    0.00000312     12      0.00124567      0.00250689
    342    0.00000307     12      0.00123115      0.00249210
    348    0.00000211     12      0.00118906      0.00177857
    350    0.00000635     12      0.00117551      0.00540257
    352    0.00000047     12      0.00116219      0.00040539
    360    0.00020928     24      0.00444444      0.04708704
    364    0.00000158     12      0.00108683      0.00145612
    372    0.00000187     12      0.00104058      0.00179382
    378    0.00002149     16      0.00179166      0.01199399
    380    0.00000164     12      0.00099723      0.00163966
    384    0.00000025     16      0.00173611      0.00014648
    390    0.00001557     16      0.00168310      0.00925265
    392    0.00000142     12      0.00093711      0.00151112
    396    0.00002880     18      0.00206612      0.01393834
    400    0.00000497     15      0.00140625      0.00353619
    408    0.00000830     16      0.00153787      0.00539939
    414    0.00000339     12      0.00084016      0.00402921
    416    0.00000024     12      0.00083210      0.00028877
    420    0.00018841     24      0.00326531      0.05770011
    432    0.00001105     20      0.00214335      0.00515535
    440    0.00000622     16      0.00132231      0.00470439
    444    0.00000184     12      0.00073046      0.00251844
    448    0.00000023     14      0.00097656      0.00024007
    450    0.00004241     18      0.00160000      0.02650351
    456    0.00000478     16      0.00123115      0.00388198
    460    0.00000254     12      0.00068053      0.00373465
    462    0.00001222     16      0.00119938      0.01018696
    468    0.00001616     18      0.00147929      0.01092615
    476    0.00000085     12      0.00063555      0.00133921
    480    0.00001812     24      0.00250000      0.00724836
    486    0.00000052     12      0.00060966      0.00085348
    490    0.00000337     12      0.00059975      0.00561954
    492    0.00000116     12      0.00059488      0.00194736
    495    0.00000240     12      0.00058770      0.00407954
    500    0.00000221     12      0.00057600      0.00384070

  Maximum C (N ≥ 10): 0.05770011 at N = 420
  Conservative C (1.5× safety): 0.08655016
  Violations of δ_N ≤ C·d(N)²/N² (N ≥ 10): 0

[4/5] Computing tail sums

  ζ(2)⁴/ζ(4) = 6.7645202107
  Σ_{N=2}^{500} d(N)²/N² = 5.5363393679
  Σ_{N=1}^{500} d(N)²/N² = 6.5363393679 (including N=1)
  Tail: Σ_{N>500} d(N)²/N² = 0.2281808427

  C · tail = 0.08655016 × 0.2281808427 = 0.0197490885
  Cross-check: Σ_{N>100000} d(N)²/N² = 0.0039787962
  Cross-check: C · tail₁₀₀ₖ = 0.0003443654

[5/5] ═══ HYPERZETA PROOF SUMMARY ═══

  Certified:  λ_min(G_500) ≥ 0.010870
  Tail bound: Σ_{N>500} δ_N ≤ C · tail = 0.019749
  ────────────────────────────────────────────
  λ_min(G_∞) ≥ 0.010870 - 0.019749 = -0.008879

  ❌ Tail bound too large. Need tighter C or larger N₀.
     C = 0.08655016, tail = 0.01974909
     Need C·tail < 0.010870

  Sensitivity analysis (varying N₀):
     N₀   λ_min(G_N₀)          C·tail       remaining    status
     50    0.01799671      0.09012988     -0.07213317  ❌
    100    0.01556003      0.05836760     -0.04280757  ❌
    200    0.01388594      0.03696853     -0.02308258  ❌
    300    0.01314427      0.02803770     -0.01489344  ❌
    400    0.01272300      0.02299390     -0.01027090  ❌
    500    0.01239133      0.01974909     -0.00735776  ❌

  Total time: 47.0s
═══════════════════════════════════════════════════════════════
