═══════════════════════════════════════════════════════════════
  APPROACH 2: Ramanujan Sum Diagonalization
  Testing the multiplicative structure of G_N
═══════════════════════════════════════════════════════════════

[1/5] Verifying G[j,k] depends primarily on gcd(j,k)

     j    k  gcd       G[j,k]    G_coprime  G[j,k]-G_cp
  Coprime baseline C₀ = 0.2416149862

     2    2    2   0.29392774   0.24161499   0.05231276
     2    3    1   0.23421791   0.24161499  -0.00739708
     2    4    2   0.26235610   0.24161499   0.02074111
     2    5    1   0.23233595   0.24161499  -0.00927904
     2    6    2   0.25156089   0.24161499   0.00994590
     2    7    1   0.23172862   0.24161499  -0.00988636
     2    8    2   0.24612330   0.24161499   0.00450832
     2    9    1   0.23125076   0.24161499  -0.01036423
     2   10    2   0.24256991   0.24161499   0.00095492
     2   11    1   0.23088433   0.24161499  -0.01073065
     2   12    2   0.24066640   0.24161499  -0.00094859
     3    3    3   0.30646629   0.24161499   0.06485131
     3    4    1   0.23639173   0.24161499  -0.00522325
     3    5    1   0.23596465   0.24161499  -0.00565034
     3    6    3   0.27169520   0.24161499   0.03008021
     3    7    1   0.23641495   0.24161499  -0.00520004
     3    8    1   0.23631512   0.24161499  -0.00529987
     3    9    3   0.25986445   0.24161499   0.01824946
     3   10    1   0.23611131   0.24161499  -0.00550367
     3   11    1   0.23622860   0.24161499  -0.00538639
     3   12    3   0.25405734   0.24161499   0.01244235
     4    4    4   0.31296843   0.24161499   0.07135344
     4    5    1   0.23839343   0.24161499  -0.00322156
     4    6    2   0.24791361   0.24161499   0.00629863
     4    7    1   0.23864939   0.24161499  -0.00296559
     4    8    4   0.27651406   0.24161499   0.03489908
     4    9    1   0.23904928   0.24161499  -0.00256570
     4   10    2   0.24436288   0.24161499   0.00274790
     4   11    1   0.23896704   0.24161499  -0.00264794
     4   12    4   0.26427148   0.24161499   0.02265650
     5    5    5   0.31656634   0.24161499   0.07495136
     5    6    1   0.24022698   0.24161499  -0.00138800
     5    7    1   0.23954462   0.24161499  -0.00207037
     5    8    1   0.23977461   0.24161499  -0.00184037
     5    9    1   0.24041655   0.24161499  -0.00119843
     5   10    5   0.27900271   0.24161499   0.03738773
     5   11    1   0.24066957   0.24161499  -0.00094541
     5   12    1   0.24043053   0.24161499  -0.00118445
     6    6    6   0.31973063   0.24161499   0.07811564
     6    7    1   0.24185766   0.24161499   0.00024268
     6    8    2   0.24588554   0.24161499   0.00427055
     6    9    3   0.25292173   0.24161499   0.01130675
     6   10    2   0.24501300   0.24161499   0.00339802
     6   11    1   0.24202011   0.24161499   0.00040512
     6   12    6   0.28155014   0.24161499   0.03993515
     7    7    7   0.32157550   0.24161499   0.07996051
     7    8    1   0.24293264   0.24161499   0.00131766
     7    9    1   0.24196950   0.24161499   0.00035452
     7   10    1   0.24182728   0.24161499   0.00021229
     7   11    1   0.24217603   0.24161499   0.00056104
     7   12    1   0.24249152   0.24161499   0.00087653
     8    8    8   0.32308253   0.24161499   0.08146755
     8    9    1   0.24388853   0.24161499   0.00227354
     8   10    2   0.24546628   0.24161499   0.00385129
     8   11    1   0.24270015   0.24161499   0.00108516
     8   12    4   0.25562958   0.24161499   0.01401459
     9    9    9   0.32414004   0.24161499   0.08252506
     9   10    1   0.24434916   0.24161499   0.00273417
     9   11    1   0.24328953   0.24161499   0.00167455
     9   12    3   0.24934929   0.24161499   0.00773431
    10   10   10   0.32457049   0.24161499   0.08295550
    10   11    1   0.24487321   0.24161499   0.00325822
    10   12    2   0.24576914   0.24161499   0.00415415
    11   11   11   0.32560342   0.24161499   0.08398844
    11   12    1   0.24576566   0.24161499   0.00415068
    12   12   12   0.32654804   0.24161499   0.08493305

[2/5] Ramanujan sums c_q(n) for small q

    q  n=1    2    3    4    5    6    7    8    9   10
    1    1    1    1    1    1    1    1    1    1    1  φ(q)=1
    2   -1    1   -1    1   -1    1   -1    1   -1    1  φ(q)=1
    3   -1   -1    2   -1   -1    2   -1   -1    2   -1  φ(q)=2
    4    0   -2    0    2    0   -2    0    2    0   -2  φ(q)=2
    5   -1   -1   -1   -1    4   -1   -1   -1   -1    4  φ(q)=4
    6    1   -1   -2   -1    1    2    1   -1   -2   -1  φ(q)=2
    7   -1   -1   -1   -1   -1   -1    6   -1   -1   -1  φ(q)=6
    8    0    0    0   -4    0    0    0    4    0    0  φ(q)=4
    9    0    0   -3    0    0   -3    0    0    6    0  φ(q)=6
   10    1   -1    1   -1   -4   -1    1   -1    1    4  φ(q)=4
   11   -1   -1   -1   -1   -1   -1   -1   -1   -1   -1  φ(q)=10
   12    0    2    0   -2    0   -4    0   -2    0    2  φ(q)=4

[3/5] Smith determinant: det(B) vs Π (B*μ)(k)

  N= 5: det(G) = 2.712989e-4
         GCD averages:
           gcd=1: avg = 0.23546073 (count=10)
           gcd=2: avg = 0.27287998 (count=3)
           gcd=3: avg = 0.30646629 (count=1)
           gcd=4: avg = 0.31296843 (count=1)
           gcd=5: avg = 0.31656634 (count=1)

  N=10: det(G) = 5.946267e-10
         GCD averages:
           gcd=1: avg = 0.23834594 (count=44)
           gcd=2: avg = 0.25033846 (count=19)
           gcd=3: avg = 0.26791844 (count=7)
           gcd=4: avg = 0.28866552 (count=3)
           gcd=5: avg = 0.29152392 (count=3)
           gcd=6: avg = 0.31973063 (count=1)
           gcd=7: avg = 0.32157550 (count=1)
           gcd=8: avg = 0.32308253 (count=1)

  N=15: det(G) = 1.484098e-15
         GCD averages:
           gcd=1: avg = 0.24022316 (count=114)
           gcd=2: avg = 0.24736230 (count=35)
           gcd=3: avg = 0.25652772 (count=19)
           gcd=4: avg = 0.27225695 (count=7)
           gcd=5: avg = 0.27448673 (count=7)
           gcd=6: avg = 0.29427697 (count=3)
           gcd=7: avg = 0.29578529 (count=3)
           gcd=8: avg = 0.32308253 (count=1)

  N=20: det(G) = 2.842132e-21
         GCD averages:
           gcd=1: avg = 0.24161499 (count=216)
           gcd=2: avg = 0.24571147 (count=63)
           gcd=3: avg = 0.25505535 (count=23)
           gcd=4: avg = 0.25961414 (count=19)
           gcd=5: avg = 0.26774001 (count=11)
           gcd=6: avg = 0.27670623 (count=7)
           gcd=7: avg = 0.29578529 (count=3)
           gcd=8: avg = 0.29700512 (count=3)

[4/5] Ramanujan-Fourier coefficients of G - C₀

     q            α̂_q          Λ(q)/q          α̂_q·q      φ(q)
     1      0.00727672      0.00000000      0.00727672         1
     2      0.00195909      0.34657359      0.00391817         1
     3      0.00127460      0.36620410      0.00382379         2
     4      0.00091557      0.17328680      0.00366228         2
     5      0.00074023      0.32188758      0.00370117         4
     6      0.00073083      0.00000000      0.00438495         2
     7      0.00045527      0.27798716      0.00318688         6
     8      0.00040499      0.08664340      0.00323989         4
     9      0.00036282      0.12206803      0.00326537         6
    10      0.00039524      0.00000000      0.00395245         4
    11      0.00024154      0.21799048      0.00265690        10
    12      0.00030953      0.00000000      0.00371433         4
    13      0.00019375      0.19730380      0.00251875        12
    14      0.00024211      0.00000000      0.00338956         6
    15      0.00023954      0.00000000      0.00359303         8
    16      0.00015433      0.04332170      0.00246934         8
    17      0.00012573      0.16665961      0.00213744        16
    18      0.00018561      0.00000000      0.00334091         6
    19      0.00012386      0.15497047      0.00235337        18
    20      0.00015512      0.00000000      0.00310234         8
    21      0.00012646      0.00000000      0.00265572        12
    22      0.00012976      0.00000000      0.00285471        10
    23      0.00007538      0.13632584      0.00173365        22
    24      0.00013961      0.00000000      0.00335067         8
    25      0.00008972      0.06437752      0.00224303        20
    26      0.00009653      0.00000000      0.00250985        12
    27      0.00007985      0.04068934      0.00215590        18
    28      0.00010065      0.00000000      0.00281807        12
    29      0.00007311      0.11611365      0.00212008        28
    30      0.00012933      0.00000000      0.00387979         8

[5/5] Eigenvalue prediction from Ramanujan expansion

  Actual eigenvalues of G_30 (first 10 and last 3):
    λ_1 = 0.0205589584
    λ_2 = 0.0267641318
    λ_3 = 0.0315699268
    λ_4 = 0.0320907321
    λ_5 = 0.0372177126
    λ_6 = 0.0401123293
    λ_7 = 0.0410995500
    λ_8 = 0.0448701231
    λ_9 = 0.0505501097
    λ_10 = 0.0510628630
    ...
    λ_26 = 0.1588198423
    λ_27 = 0.1746606570
    λ_28 = 6.9760088322

═══════════════════════════════════════════════════════════════
  Ramanujan analysis complete.
═══════════════════════════════════════════════════════════════
