═══════════════════════════════════════════════════════════════
  RAMANUJAN-FOURIER COEFFICIENT ANALYSIS
  Expanding g[k] = ⟨f_k, f_M⟩ in Ramanujan sums c_q(k)
═══════════════════════════════════════════════════════════════


═══ M = 60 (d(M) = 12) ═══

  Coprime baseline c₀ = 0.24898377
  Divisors of 60: [1, 2, 3, 4, 5, 6, 10, 12, 15, 20, 30, 60]

       q   φ(q)           α̂_q       q·|α̂_q|       μ(q)       d(q)
       2      1     0.00084417     0.00168834         -1          2
       3      2     0.00075180     0.00225540         -1          2
       4      2     0.00052928     0.00211710          0          3
       5      4     0.00090463     0.00452314         -1          2
       6      2     0.00059575     0.00357447          1          4
      10      4     0.00068198     0.00681982          1          4
      12      4     0.00030428     0.00365141          0          6
      15      8     0.00057381     0.00860717          1          4
      20      8     0.00036770     0.00735397          0          6
      30      8     0.00038754     0.01162613         -1          8
      60     16     0.00021289     0.01277350          0         12

  Reconstruction verification (selected k):
      k      g[k]-c₀    Σα̂c_q(k)        error   gcd(k,M)
      2  -0.01724387  -0.00126901     -1.60e-2          2
      3  -0.00925948  -0.00112726     -8.13e-3          3
      5  -0.00105818  -0.00085473     -2.03e-4          5
      6   0.00170766  -0.00065877      2.37e-3          6
     10   0.00999823   0.00030923      9.69e-3         10
     12   0.01347246   0.00071867      1.28e-2         12
     15   0.01835487   0.00184871      1.65e-2         15
     20   0.02592903   0.00368611      2.22e-2         20
     30   0.04054630   0.00895295      3.16e-2         30
     60   0.08290210   0.02620003      5.67e-2         60
     10   0.00999823   0.00030923      9.69e-3         10
     12   0.01347246   0.00071867      1.28e-2         12
     15   0.01835487   0.00184871      1.65e-2         15
     20   0.02592903   0.00368611      2.22e-2         20
     30   0.04054630   0.00895295      3.16e-2         30
     59   0.00194832  -0.00103660      2.98e-3          1
  Relative reconstruction error: 0.760456

  Scaling analysis:
  Fit: |α̂_q| ≈ 0.001271 · q^(-0.3969)
  q·|α̂_q|: mean = 0.006783, std = 0.003496, cv = 0.5154
  ⚠️  α̂_q ∝ 1/q^0.40 (not exactly 1/q)


═══ M = 120 (d(M) = 16) ═══

  Coprime baseline c₀ = 0.24930785
  Divisors of 120: [1, 2, 3, 4, 5, 6, 8, 10, 12, 15, 20, 24, 30, 40, 60, 120]

       q   φ(q)           α̂_q       q·|α̂_q|       μ(q)       d(q)
       2      1     0.00086458     0.00172915         -1          2
       3      2     0.00065087     0.00195260         -1          2
       4      2     0.00074196     0.00296785          0          3
       5      4     0.00078849     0.00394246         -1          2
       6      2     0.00059654     0.00357924          1          4
       8      4     0.00039963     0.00319706          0          4
      10      4     0.00068508     0.00685079          1          4
      12      4     0.00042962     0.00515541          0          6
      15      8     0.00048680     0.00730195          1          4
      20      8     0.00051927     0.01038535          0          6
      24      8     0.00022254     0.00534103          0          8
      30      8     0.00038202     0.01146056         -1          8
      40     16     0.00027043     0.01081708          0          8
      60     16     0.00030045     0.01802699          0         12
     120     32     0.00015039     0.01804631          0         16

  Reconstruction verification (selected k):
      k      g[k]-c₀    Σα̂c_q(k)        error   gcd(k,M)
      2  -0.01866875  -0.00117464     -1.75e-2          2
      3  -0.01137334  -0.00106889     -1.03e-2          3
      5  -0.00451743  -0.00092436     -3.59e-3          5
      6  -0.00248112  -0.00081387     -1.67e-3          6
     10   0.00306260  -0.00033904      3.40e-3         10
     12   0.00515435   0.00001617      5.14e-3         12
     15   0.00798912   0.00049595      7.49e-3         15
     20   0.01206466   0.00178241      1.03e-2         20
     30   0.01972765   0.00404046      1.57e-2         30
     60   0.04126062   0.01584987      2.54e-2         60
     20   0.01206466   0.00178241      1.03e-2         20
     24   0.01520805   0.00220432      1.30e-2         24
     30   0.01972765   0.00404046      1.57e-2         30
     40   0.02705046   0.00704044      2.00e-2         40
     60   0.04126062   0.01584987      2.54e-2         60
    119   0.00226651  -0.00091754      3.18e-3          1
  Relative reconstruction error: 0.715633

  Scaling analysis:
  Fit: |α̂_q| ≈ 0.001382 · q^(-0.4286)
  q·|α̂_q|: mean = 0.008236, std = 0.005021, cv = 0.6096
  ⚠️  α̂_q ∝ 1/q^0.43 (not exactly 1/q)


═══ M = 180 (d(M) = 18) ═══

  Coprime baseline c₀ = 0.24938097
  Divisors of 180: [1, 2, 3, 4, 5, 6, 9, 10, 12, 15, 18, 20, 30, 36, 45, 60, 90, 180]

       q   φ(q)           α̂_q       q·|α̂_q|       μ(q)       d(q)
       2      1     0.00062196     0.00124392         -1          2
       3      2     0.00078711     0.00236134         -1          2
       4      2     0.00035959     0.00143836          0          3
       5      4     0.00067716     0.00338578         -1          2
       6      2     0.00059162     0.00354973          1          4
       9      6     0.00050003     0.00450024          0          3
      10      4     0.00048174     0.00481742          1          4
      12      4     0.00026673     0.00320070          0          6
      15      8     0.00057235     0.00858527          1          4
      18      6     0.00032308     0.00581547          0          6
      20      8     0.00021830     0.00436599          0          6
      30      8     0.00036345     0.01090339         -1          8
      36     12     0.00013409     0.00482725          0          9
      45     24     0.00033037     0.01486667          0          6
      60     16     0.00016616     0.00996980          0         12
      90     24     0.00020656     0.01859032          0         12
     180     48     0.00006813     0.01226278          0         18

  Reconstruction verification (selected k):
      k      g[k]-c₀    Σα̂c_q(k)        error   gcd(k,M)
      2  -0.01910899  -0.00106133     -1.80e-2          2
      3  -0.01207570  -0.00100360     -1.11e-2          3
      5  -0.00565752  -0.00087142     -4.79e-3          5
      6  -0.00383789  -0.00079864     -3.04e-3          6
     10   0.00079035  -0.00046719      1.26e-3         10
     12   0.00239730  -0.00022055      2.62e-3         12
     15   0.00449294   0.00020534      4.29e-3         15
     20   0.00743608   0.00073845      6.70e-3         20
     30   0.01283720   0.00283742      1.00e-2         30
     60   0.02738657   0.01034043      1.70e-2         60
     30   0.01283720   0.00283742      1.00e-2         30
     36   0.01585606   0.00354240      1.23e-2         36
     45   0.02021866   0.00625506      1.40e-2         45
     60   0.02738657   0.01034043      1.70e-2         60
     90   0.04150163   0.02225612      1.92e-2         90
    179   0.00246498  -0.00080396      3.27e-3          1
  Relative reconstruction error: 0.651344

  Scaling analysis:
  Fit: |α̂_q| ≈ 0.001214 · q^(-0.4670)
  q·|α̂_q|: mean = 0.007405, std = 0.004778, cv = 0.6452
  ⚠️  α̂_q ∝ 1/q^0.47 (not exactly 1/q)


═══ M = 240 (d(M) = 20) ═══

  Coprime baseline c₀ = 0.24939626
  Divisors of 240: [1, 2, 3, 4, 5, 6, 8, 10, 12, 15, 16, 20, 24, 30, 40, 48, 60, 80, 120, 240]

       q   φ(q)           α̂_q       q·|α̂_q|       μ(q)       d(q)
       2      1     0.00077091     0.00154181         -1          2
       3      2     0.00052638     0.00157914         -1          2
       4      2     0.00074121     0.00296485          0          3
       5      4     0.00064354     0.00321771         -1          2
       6      2     0.00052032     0.00312191          1          4
       8      4     0.00056284     0.00450268          0          4
      10      4     0.00059903     0.00599031          1          4
      12      4     0.00041639     0.00499671          0          6
      15      8     0.00038167     0.00572504          1          4
      16      8     0.00028978     0.00463653          0          5
      20      8     0.00050699     0.01013973          0          6
      24      8     0.00031280     0.00750727          0          8
      30      8     0.00031844     0.00955335         -1          8
      40     16     0.00038230     0.01529187          0          8
      48     16     0.00015208     0.00729984          0         10
      60     16     0.00028402     0.01704138          0         12
      80     32     0.00018782     0.01502596          0         10
     120     32     0.00020890     0.02506855          0         16
     240     64     0.00009331     0.02239450          0         20

  Reconstruction verification (selected k):
      k      g[k]-c₀    Σα̂c_q(k)        error   gcd(k,M)
      2  -0.01933821  -0.00102196     -1.83e-2          2
      3  -0.01237646  -0.00092974     -1.14e-2          3
      5  -0.00619880  -0.00085182     -5.35e-3          5
      6  -0.00451525  -0.00077643     -3.74e-3          6
     10  -0.00037610  -0.00053931      1.63e-4         10
     12   0.00101324  -0.00033391      1.35e-3         12
     15   0.00281554  -0.00007494      2.89e-3         15
     20   0.00511325   0.00055298      4.56e-3         20
     30   0.00933848   0.00168725      7.65e-3         30
     60   0.02044214   0.00762830      1.28e-2         60
     40   0.01317533   0.00397571      9.20e-3         40
     48   0.01609143   0.00452876      1.16e-2         48
     60   0.02044214   0.00762830      1.28e-2         60
     80   0.02751746   0.01222787      1.53e-2         80
    120   0.04159343   0.02600542      1.56e-2        120
    239   0.00240356  -0.00075825      3.16e-3          1
  Relative reconstruction error: 0.604273

  Scaling analysis:
  Fit: |α̂_q| ≈ 0.001344 · q^(-0.4391)
  q·|α̂_q|: mean = 0.009675, std = 0.006671, cv = 0.6895
  ⚠️  α̂_q ∝ 1/q^0.44 (not exactly 1/q)


═══ M = 360 (d(M) = 24) ═══

  Coprime baseline c₀ = 0.24951535
  Divisors of 360: [1, 2, 3, 4, 5, 6, 8, 9, 10, 12, 15, 18, 20, 24, 30, 36, 40, 45, 60, 72, 90, 120, 180, 360]

       q   φ(q)           α̂_q       q·|α̂_q|       μ(q)       d(q)
       2      1     0.00060962     0.00121924         -1          2
       3      2     0.00064695     0.00194085         -1          2
       4      2     0.00050973     0.00203892          0          3
       5      4     0.00055253     0.00276264         -1          2
       6      2     0.00056886     0.00341316          1          4
       8      4     0.00025596     0.00204769          0          4
       9      6     0.00039153     0.00352375          0          3
      10      4     0.00045971     0.00459712          1          4
      12      4     0.00038611     0.00463336          0          6
      15      8     0.00045530     0.00682944          1          4
      18      6     0.00029639     0.00533501          0          6
      20      8     0.00031962     0.00639248          0          6
      24      8     0.00018822     0.00451730          0          8
      30      8     0.00033959     0.01018755         -1          8
      36     12     0.00020182     0.00726554          0          9
      40     16     0.00015355     0.00614219          0          8
      45     24     0.00024233     0.01090500          0          6
      60     16     0.00024670     0.01480230          0         12
      72     24     0.00008999     0.00647956          0         12
      90     24     0.00018037     0.01623351          0         12
     120     32     0.00011429     0.01371486          0         16
     180     48     0.00011092     0.01996518          0         18
     360     96     0.00004446     0.01600446          0         24

  Reconstruction verification (selected k):
      k      g[k]-c₀    Σα̂c_q(k)        error   gcd(k,M)
      2  -0.01957192  -0.00092495     -1.86e-2          2
      3  -0.01276861  -0.00087720     -1.19e-2          3
      5  -0.00681076  -0.00077929     -6.03e-3          5
      6  -0.00521876  -0.00074882     -4.47e-3          6
     10  -0.00152932  -0.00056734     -9.62e-4         10
     12  -0.00037595  -0.00041859      4.26e-5         12
     15   0.00105954  -0.00018543      1.24e-3         15
     20   0.00285151   0.00019464      2.66e-3         20
     30   0.00591715   0.00111780      4.80e-3         30
     60   0.01356203   0.00607834      7.48e-3         60
     60   0.01356203   0.00607834      7.48e-3         60
     72   0.01641435   0.00615314      1.03e-2         72
     90   0.02068631   0.01090762      9.78e-3         90
    120   0.02774774   0.01693819      1.08e-2        120
    180   0.04176227   0.02946428      1.23e-2        180
    359   0.00249974  -0.00066482      3.16e-3          1
  Relative reconstruction error: 0.524356

  Scaling analysis:
  Fit: |α̂_q| ≈ 0.001230 · q^(-0.4939)
  q·|α̂_q|: mean = 0.007990, std = 0.005160, cv = 0.6458
  ⚠️  α̂_q ∝ 1/q^0.49 (not exactly 1/q)


═══ M = 420 (d(M) = 24) ═══

  Coprime baseline c₀ = 0.24946882
  Divisors of 420: [1, 2, 3, 4, 5, 6, 7, 10, 12, 14, 15, 20, 21, 28, 30, 35, 42, 60, 70, 84, 105, 140, 210, 420]

       q   φ(q)           α̂_q       q·|α̂_q|       μ(q)       d(q)
       2      1     0.00048739     0.00097478         -1          2
       3      2     0.00042969     0.00128908         -1          2
       4      2     0.00028431     0.00113724          0          3
       5      4     0.00053459     0.00267293         -1          2
       6      2     0.00032694     0.00196166          1          4
       7      6     0.00058293     0.00408054         -1          2
      10      4     0.00037387     0.00373873          1          4
      12      4     0.00013346     0.00160157          0          6
      14      6     0.00040053     0.00560748          1          4
      15      8     0.00029914     0.00448712          1          4
      20      8     0.00016516     0.00330325          0          6
      21     12     0.00031876     0.00669388          1          4
      28     12     0.00017827     0.00499147          0          6
      30      8     0.00017131     0.00513942         -1          8
      35     24     0.00039319     0.01376181          1          4
      42     12     0.00019097     0.00802068         -1          8
      60     16     0.00008226     0.00493540          0         12
      70     24     0.00024753     0.01732680         -1          8
      84     24     0.00008583     0.00720943          0         12
     105     48     0.00019657     0.02064024         -1          8
     140     48     0.00010598     0.01483709          0         12
     210     48     0.00012127     0.02546675          1         16
     420     96     0.00004743     0.01992209          0         24

  Reconstruction verification (selected k):
      k      g[k]-c₀    Σα̂c_q(k)        error   gcd(k,M)
      2  -0.01966292  -0.00092621     -1.87e-2          2
      3  -0.01286796  -0.00083996     -1.20e-2          3
      5  -0.00699225  -0.00079467     -6.20e-3          5
      6  -0.00538514  -0.00072019     -4.66e-3          6
     10  -0.00185002  -0.00059418     -1.26e-3         10
     12  -0.00078986  -0.00043024     -3.60e-4         12
     15   0.00054587  -0.00023950      7.85e-4         15
     20   0.00218838   0.00002921      2.16e-3         20
     30   0.00490205   0.00085632      4.05e-3         30
     60   0.01149304   0.00372286      7.77e-3         60
     70   0.01353056   0.00718985      6.34e-3         70
     84   0.01647228   0.00674236      9.73e-3         84
    105   0.02072697   0.01112205      9.60e-3        105
    140   0.02770341   0.01695868      1.07e-2        140
    210   0.04167501   0.03446990      7.21e-3        210
    419   0.00261115  -0.00060727      3.22e-3          1
  Relative reconstruction error: 0.499252

  Scaling analysis:
  Fit: |α̂_q| ≈ 0.000797 · q^(-0.4003)
  q·|α̂_q|: mean = 0.008454, std = 0.006987, cv = 0.8264
  ⚠️  α̂_q ∝ 1/q^0.40 (not exactly 1/q)


═══ M = 480 (d(M) = 24) ═══

  Coprime baseline c₀ = 0.24948162
  Divisors of 480: [1, 2, 3, 4, 5, 6, 8, 10, 12, 15, 16, 20, 24, 30, 32, 40, 48, 60, 80, 96, 120, 160, 240, 480]

       q   φ(q)           α̂_q       q·|α̂_q|       μ(q)       d(q)
       2      1     0.00062556     0.00125111         -1          2
       3      2     0.00039927     0.00119781         -1          2
       4      2     0.00064273     0.00257094          0          3
       5      4     0.00049488     0.00247440         -1          2
       6      2     0.00041566     0.00249395          1          4
       8      4     0.00054624     0.00436996          0          4
      10      4     0.00047812     0.00478124          1          4
      12      4     0.00034389     0.00412669          0          6
      15      8     0.00027993     0.00419898          1          4
      16      8     0.00040656     0.00650489          0          5
      20      8     0.00042371     0.00847425          0          6
      24      8     0.00029299     0.00703180          0          8
      30      8     0.00023692     0.00710761         -1          8
      32     16     0.00019654     0.00628915          0          6
      40     16     0.00036076     0.01443038          0          8
      48     16     0.00021312     0.01022992          0         10
      60     16     0.00022546     0.01352731          0         12
      80     32     0.00026334     0.02106718          0         10
      96     32     0.00009405     0.00902856          0         12
     120     32     0.00018795     0.02255452          0         16
     160     64     0.00011872     0.01899469          0         12
     240     64     0.00012986     0.03116522          0         20
     480    128     0.00004945     0.02373694          0         24

  Reconstruction verification (selected k):
      k      g[k]-c₀    Σα̂c_q(k)        error   gcd(k,M)
      2  -0.01969405  -0.00084669     -1.88e-2          2
      3  -0.01289381  -0.00076111     -1.21e-2          3
      5  -0.00702103  -0.00071419     -6.31e-3          5
      6  -0.00556121  -0.00066308     -4.90e-3          6
     10  -0.00207398  -0.00054851     -1.53e-3         10
     12  -0.00105183  -0.00042175     -6.30e-4         12
     15   0.00023897  -0.00024722      4.86e-4         15
     20   0.00170205   0.00004109      1.66e-3         20
     30   0.00416182   0.00062423      3.54e-3         30
     60   0.01004310   0.00362465      6.42e-3         60
     80   0.01366439   0.00734308      6.32e-3         80
     96   0.01654076   0.00789291      8.65e-3         96
    120   0.02078959   0.01285585      7.93e-3        120
    160   0.02775384   0.01948861      8.27e-3        160
    240   0.04174652   0.03957406      2.17e-3        240
    479   0.00245543  -0.00058291      3.04e-3          1
  Relative reconstruction error: 0.460698

  Scaling analysis:
  Fit: |α̂_q| ≈ 0.001188 · q^(-0.4425)
  q·|α̂_q|: mean = 0.010722, std = 0.008049, cv = 0.7507
  ⚠️  α̂_q ∝ 1/q^0.44 (not exactly 1/q)


═══ M = 720 (d(M) = 30) ═══

  Coprime baseline c₀ = 0.24947705
  Divisors of 720: [1, 2, 3, 4, 5, 6, 8, 9, 10, 12, 15, 16, 18, 20, 24, 30, 36, 40, 45, 48, 60, 72, 80, 90, 120, 144, 180, 240, 360, 720]

       q   φ(q)           α̂_q       q·|α̂_q|       μ(q)       d(q)
       2      1     0.00045170     0.00090340         -1          2
       3      2     0.00043500     0.00130500         -1          2
       4      2     0.00042920     0.00171679          0          3
       5      4     0.00035422     0.00177112         -1          2
       6      2     0.00041085     0.00246510          1          4
       8      4     0.00029457     0.00235658          0          4
       9      6     0.00020970     0.00188733          0          3
      10      4     0.00031078     0.00310784          1          4
      12      4     0.00029952     0.00359429          0          6
      15      8     0.00026674     0.00400116          1          4
      16      8     0.00006082     0.00097305          0          5
      18      6     0.00015376     0.00276770          0          6
      20      8     0.00023111     0.00462225          0          6
      24      8     0.00020184     0.00484406          0          8
      30      8     0.00019856     0.00595670         -1          8
      36     12     0.00010760     0.00387348          0          9
      40     16     0.00014871     0.00594837          0          8
      45     24     0.00008015     0.00360655          0          6
      48     16     0.00001104     0.00053007          0         10
      60     16     0.00015806     0.00948334          0         12
      72     24     0.00005088     0.00366344          0         12
      80     32    -0.00002082     0.00166533          0         10
      90     24     0.00004921     0.00442923          0         12
     120     32     0.00009181     0.01101728          0         16
     144     48    -0.00007999     0.01151785          0         15
     180     48     0.00001447     0.00260407          0         18
     240     64    -0.00005181     0.01243417          0         20
     360     96    -0.00001847     0.00665008          0         24
     720    192    -0.00012022     0.08655854          0         30

  Reconstruction verification (selected k):
      k      g[k]-c₀    Σα̂c_q(k)        error   gcd(k,M)
      2  -0.01973798  -0.00070710     -1.90e-2          2
      3  -0.01307027  -0.00065824     -1.24e-2          3
      5  -0.00728638  -0.00057484     -6.71e-3          5
      6  -0.00587128  -0.00055779     -5.31e-3          6
     10  -0.00260401  -0.00043913     -2.16e-3         10
     12  -0.00173306  -0.00038267     -1.35e-3         12
     15  -0.00061679  -0.00022315     -3.94e-4         15
     20   0.00057063  -0.00003284      6.03e-4         20
     30   0.00250687   0.00044164      2.07e-3         30
     60   0.00662557   0.00293826      3.69e-3         60
    120   0.01388884   0.00956890      4.32e-3        120
    144   0.01669708   0.01075014      5.95e-3        144
    180   0.02096376   0.01467305      6.29e-3        180
    240   0.02787831   0.02985307     -1.97e-3        240
    360   0.04191636   0.06002941     -1.81e-2        360
  Relative reconstruction error: 0.500357

  Scaling analysis:
  Fit: |α̂_q| ≈ 0.000783 · q^(-0.5481)
  q·|α̂_q|: mean = 0.007557, std = 0.015809, cv = 2.0919
  ⚠️  α̂_q ∝ 1/q^0.55 (not exactly 1/q)


═══ M = 840 (d(M) = 32) ═══

  Coprime baseline c₀ = 0.24946070
  Divisors of 840: [1, 2, 3, 4, 5, 6, 7, 8, 10, 12, 14, 15, 20, 21, 24, 28, 30, 35, 40, 42, 56, 60, 70, 84, 105, 120, 140, 168, 210, 280, 420, 840]

       q   φ(q)           α̂_q       q·|α̂_q|       μ(q)       d(q)
       2      1     0.00038959     0.00077919         -1          2
       3      2     0.00026792     0.00080376         -1          2
       4      2     0.00031709     0.00126835          0          3
       5      4     0.00034665     0.00173326         -1          2
       6      2     0.00023068     0.00138410          1          4
       7      6     0.00038228     0.00267593         -1          2
       8      4     0.00005642     0.00045135          0          4
      10      4     0.00026926     0.00269256          1          4
      12      4     0.00011367     0.00136405          0          6
      14      6     0.00029220     0.00409075          1          4
      15      8     0.00015359     0.00230381          1          4
      20      8     0.00015727     0.00314539          0          6
      21     12     0.00016319     0.00342693          1          4
      24      8    -0.00004452     0.00106841          0          8
      28     12     0.00017413     0.00487562          0          6
      30      8     0.00008048     0.00241430         -1          8
      35     24     0.00021872     0.00765530          1          4
      40     16    -0.00002734     0.00109348          0          8
      42     12     0.00009391     0.00394414         -1          8
      56     24    -0.00002251     0.00126032          0          8
      60     16     0.00004142     0.00248514          0         12
      70     24     0.00014234     0.00996413         -1          8
      84     24     0.00004431     0.00372182          0         12
     105     48     0.00006401     0.00672138         -1          8
     120     32    -0.00007843     0.00941110          0         16
     140     48     0.00007313     0.01023843          0         12
     168     48    -0.00008323     0.01398299          0         16
     210     48     0.00002892     0.00607314          1         16
     280     96    -0.00007311     0.02047041          0         16
     420     96    -0.00000905     0.00380186          0         24
     840    192    -0.00010711     0.08997066          0         32

  Reconstruction verification (selected k):
      k      g[k]-c₀    Σα̂c_q(k)        error   gcd(k,M)
      2  -0.01980350  -0.00071995     -1.91e-2          2
      3  -0.01314187  -0.00062081     -1.25e-2          3
      5  -0.00745105  -0.00059563     -6.86e-3          5
      6  -0.00596113  -0.00053218     -5.43e-3          6
     10  -0.00284409  -0.00048807     -2.36e-3         10
     12  -0.00192437  -0.00035863     -1.57e-3         12
     15  -0.00096180  -0.00023555     -7.26e-4         15
     20   0.00019573  -0.00008929      2.85e-4         20
     30   0.00190207   0.00030253      1.60e-3         30
     60   0.00556908   0.00211497      3.45e-3         60
    140   0.01385590   0.01125165      2.60e-3        140
    168   0.01676597   0.01022118      6.54e-3        168
    210   0.02089618   0.01717734      3.72e-3        210
    280   0.02797647   0.02313670      4.84e-3        280
    420   0.04181609   0.06998119     -2.82e-2        420
  Relative reconstruction error: 0.601749

  Scaling analysis:
  Fit: |α̂_q| ≈ 0.000440 · q^(-0.4185)
  q·|α̂_q|: mean = 0.007713, std = 0.016154, cv = 2.0943
  ⚠️  α̂_q ∝ 1/q^0.42 (not exactly 1/q)


═══════════════════════════════════════════════════════════════
  SUMMARY
═══════════════════════════════════════════════════════════════
  Total time: 0.3s
═══════════════════════════════════════════════════════════════
