═══════════════════════════════════════════════════════════════
  OPERATOR THEORY ANALYSIS
  Understanding v_min evolution and the integral operator
═══════════════════════════════════════════════════════════════

[1/5] Computing 999×999 Gram matrix (200000 pts)...
  Done in 10.7s

[2/5] Eigenvector evolution analysis...

      N        λ_min       ||Δv||       Σv_min       v[2]     v[N/2]
     50   0.01799671     0.000000     0.011177   0.244334   0.003292
    100   0.01556003     0.260338     0.008999   0.198755   0.000122
    150   0.01453729     0.148061     0.007691   0.172542   0.005999
    200   0.01388594     0.120563     0.007048   0.154464   0.000422
    250   0.01354216     0.101583     0.006693   0.146697   0.047201
    300   0.01314427     0.104093     0.006377   0.136283   0.000255
    400   0.01272300     0.106318     0.005739   0.124909   0.000188
    500   0.01239133     0.112054     0.005593   0.120123   0.000421
    600   0.01211285     0.085098     0.005076   0.111077   0.000129
    700   0.01192107     0.082932     0.005019   0.107398   0.001930
    800   0.01175748     0.076150     0.004812   0.103004   0.000036
    900   0.01154988     0.084507     0.004455   0.097496   0.000278
    999   0.01147752     0.051166     0.004491   0.096927   0.000641

[3/5] Universal eigenfunction test...

  If v_min[k] = ψ(k/N), plotting at fixed k/N should collapse:
    k/N    N=100      N=200      N=300      N=500      N=700      N=999
   0.05    -2.6401    -3.7939    -1.5440     0.1884    -1.6545    -1.4785    -1.6355    -0.7444    -0.1373    -5.1632     0.0103    -0.7486    -0.5735
   0.10    -3.0071     0.0652    -1.1341    -1.0132    -0.4041    -0.1232     0.0191    -0.3233     0.1407    -0.1328    -0.4519    -0.1448     0.0204
   0.20    -0.0592    -0.6672    -0.0854    -0.0123    -0.1591     0.0508    -0.2979     0.0015    -0.0927     0.0082    -0.1070    -0.0587    -0.0197
   0.30    -0.8867    -0.0777    -0.1950     0.0424     0.2389    -0.0308    -0.0780     0.0252    -0.0484     0.0326     0.0165    -0.0311    -0.0415
   0.50     0.0230     0.0012     0.0732    -0.0060    -0.7448     0.0044     0.0038    -0.0094    -0.0032    -0.0510    -0.0010    -0.0083     0.0203
   0.70    -1.1505    -0.0037    -0.0051    -0.0029     0.1173    -0.0090     0.0031    -0.0527    -0.0072    -0.0097     0.0423     0.0027     0.4961
   0.90    -0.0291     0.0054    -0.1013    -0.0096    -0.0004    -0.0040     0.0274    -0.0028    -0.0015    -0.0028    -0.0115    -0.0070    -1.2979

[4/5] Spectral gap analysis...

      N           λ₁           λ₂          gap       gap/λ₁
     50   0.01799671   0.01799671   0.00000000     0.000000
    100   0.01556003   0.01556003   0.00000000     0.000000
    200   0.01388594   0.01388594  -0.00000000    -0.000000
    300   0.01314427   0.01314427  -0.00000000    -0.000000
    500   0.01239133   0.01239133  -0.00000000    -0.000000
    700   0.01192107   0.01192107  -0.00000000    -0.000000
    999   0.01147752   0.01147752   0.00000000     0.000000

[5/5] Operator-theoretic drop analysis...

  For EVERY N from 2 to 999, compute:
  δ_N, |gᵀv|, Schur, ||g - proj||, normalized projection

      N        δ_N |gᵀv|/||g||      Schur      ||g||          δ·N
      4    2.53e-2   0.065325   0.072586   0.353187     0.101240
      5    2.03e-6   0.000809   0.106164   0.408312     0.000010
      6    4.06e-3   0.009866   0.060563   0.506270     0.024369
      7    1.01e-7   0.000144   0.101942   0.531495     0.000001
      8    4.16e-3   0.014429   0.067703   0.608002     0.033314
      9    1.03e-4   0.003022   0.082518   0.646698     0.000928
     10    2.60e-4   0.002808   0.063580   0.700877     0.002596
     11    1.12e-6   0.000361   0.096385   0.721143     0.000012
     12    7.05e-3   0.017959   0.057399   0.797750     0.084544
     13    3.88e-5   0.002015   0.094360   0.800003     0.000505
     14    5.02e-5   0.001396   0.063886   0.854815     0.000703
     15    2.40e-5   0.001135   0.074817   0.891853     0.000360
     16    2.01e-4   0.002588   0.065319   0.927841     0.003212
     17    4.65e-7   0.000186   0.092154   0.939788     0.000008
     18    1.51e-3   0.005322   0.056719   0.999488     0.027216
     19    7.35e-6   0.000697   0.091197   1.002829     0.000140
     20    3.17e-4   0.002614   0.061441   1.058388     0.006331
    100    3.06e-5   0.000431   0.060215   2.469285     0.003057
    200    1.60e-5   0.000228   0.060088   3.510887     0.003191
    300    9.98e-5   0.000399   0.053237   4.313679     0.029934
    400    4.97e-6   0.000091   0.059956   4.978169     0.001989
    500    2.21e-6   0.000055   0.059960   5.570747     0.001106
    600    5.70e-5   0.000222   0.053282   6.107698     0.034180
    700    1.09e-5   0.000101   0.058767   6.598871     0.007615
    800    7.80e-7   0.000026   0.059959   7.050593     0.000624
    900    5.93e-5   0.000187   0.053219   7.490888     0.053380
    990    2.09e-5   0.000105   0.052858   7.848775     0.020738
    991    2.89e-9   0.000002   0.083288   7.854412     0.000003
    992    7.28e-8   0.000007   0.062369   7.866815     0.000072
    993   1.09e-10   0.000000   0.074022   7.867222     0.000000
    994   7.35e-10   0.000001   0.061216   7.863988     0.000001
    995   2.28e-10   0.000000   0.080076   7.876864     0.000000
    996    3.01e-7   0.000013   0.055494   7.876398     0.000300
    997    4.94e-9   0.000002   0.083320   7.881138     0.000005
    998    5.77e-8   0.000007   0.062419   7.884987     0.000058
    999    3.24e-9   0.000002   0.073980   7.893820     0.000003
   1000    9.07e-7   0.000025   0.059974   7.877214     0.000907

  ═══ ALIGNMENT SCALING ═══

  cos(θ) = |gᵀv|/||g|| ∝ N^(-1.2766)
  (this is the alignment between g and v_min)
  Fit: 0.021173 · N^(-1.2766)

  ✅ Alignment DECREASES with N!
     g becomes increasingly orthogonal to v_min.
     This is the operator-theoretic explanation for convergence.

  ═══ DROP SCALING ═══

  δ_N ∝ N^(-1.5932)  (envelope of all N)
  Fit: 0.000686 · N^(-1.5932)

  ✅ Drop exponent -1.5932 < -1 ⟹ Σ δ_N CONVERGES!
     (Even without restricting to HC numbers)

  ═══ δ·N PRODUCT ═══

  If δ_N = O(1/N^α), then δ·N = O(N^{1-α})
  N_mid   Σ_window δ        ratio
     54     0.050315       0.0000
    154     0.001667       0.0331
    254     0.000742       0.4450
    354     0.000421       0.5681
    454     0.000332       0.7873
    554     0.000278       0.8394
    654     0.000195       0.6987
    754     0.000161       0.8262
    854     0.000208       1.2921
    952     0.000073       0.3522

  Total time: 801.7s
═══════════════════════════════════════════════════════════════
