═══ MÖBIUS CANCELLATION MICROSCOPE v2 — N=5000 ═══
Dim: 4999

QUADRATIC FORM vᵀGv
  Total:        1.599241255257035e0
  Diagonal:     1.787241779274027e0
  Off-diagonal: -1.880005240169915e-1
  |off|/|diag|: 0.105190

SANITY: diag+off=1.599241255257035e0  err=0.00e0

VAUGHAN TYPE DECOMPOSITION
  I  (min≤N^1/3):   1.583493188490625e0  (99.02%)
  II (mid range):   7.919940114587982e-4  (0.05%)
  III(min>N^2/3):   1.495607275495171e-2  (0.94%)
  Sum check err: 2.22e-16

LIOUVILLE PARITY
  (+,+): 5.979605622486266e1  (+,-): -6.453042092661947e1
  (-,+): -6.453042092661947e1  (-,-): 7.086402688363333e1
  Same:  1.306600831084960e2  Cross: -1.290608418532389e2
  Cancel ratio: 0.006158

ROTOR CHANNELS (mod-8)
  χ_0: 3.722342582772787e0
  χ_1: 1.183180811852903e0
  χ_2: 3.009427092721630e-1
  χ_3: 1.690780037080434e-1

ω-CLASS MATRIX (rows=ω(j), cols=ω(k))
       ω=       0  ω=       1  ω=       2  ω=       3  ω=       4  ω=       5
ω=0     0.0000e0    0.0000e0    0.0000e0    0.0000e0    0.0000e0    0.0000e0
ω=1     0.0000e0    3.0750e1   -3.9326e1    1.5173e1   -1.6375e0   1.6353e-2
ω=2     0.0000e0   -3.9326e1    5.4574e1   -2.2377e1    2.5367e0  -2.6406e-2
ω=3     0.0000e0    1.5173e1   -2.2377e1    9.7094e0   -1.1616e0   1.2721e-2
ω=4     0.0000e0   -1.6375e0    2.5367e0   -1.1616e0   1.4835e-1  -1.7529e-3
ω=5     0.0000e0   1.6353e-2  -2.6406e-2   1.2721e-2  -1.7529e-3   2.4806e-5

DYADIC SCALE BANDS (rows=⌊log₂j⌋, cols=⌊log₂k⌋)
      [   2,    4) [   4,    8) [   8,   16) [  16,   32) [  32,   64) [  64,  128) [ 128,  256) [ 256,  512) [ 512, 1024) [1024, 2048) [2048, 4096) [4096, 8192) [8192,16384)
[  2,4)    9.9462e-1    2.6357e-1   -1.4062e-1    2.5357e-1   -1.6813e-1    3.5649e-2   -1.0149e-2    1.6554e-2   -6.1378e-3   -4.7475e-3    3.8955e-3   -6.9677e-4            —
[  4,8)    2.6357e-1    1.3898e-1   -6.3628e-2    9.8128e-2   -6.8171e-2    1.4155e-2   -4.2543e-3    6.8573e-3   -2.5605e-3   -2.0072e-3    1.6457e-3   -2.9549e-4            —
[  8,16)   -1.4062e-1   -6.3628e-2    5.8283e-2   -7.5901e-2    4.4601e-2   -1.0634e-2    2.8761e-3   -5.2465e-3    1.9281e-3    1.5652e-3   -1.2954e-3    2.3387e-4            —
[ 16,32)    2.5357e-1    9.8128e-2   -7.5901e-2    1.7086e-1   -1.1560e-1    2.2086e-2   -7.7215e-3    1.2800e-2   -4.8161e-3   -3.9731e-3    3.2737e-3   -5.9517e-4            —
[ 32,64)   -1.6813e-1   -6.8171e-2    4.4601e-2   -1.1560e-1    9.9532e-2   -2.3960e-2    5.1413e-3   -1.1002e-2    4.0051e-3    3.4021e-3   -2.8259e-3    5.1465e-4            —
[ 64,128)    3.5649e-2    1.4155e-2   -1.0634e-2    2.2086e-2   -2.3960e-2    1.7529e-2   -5.6910e-3    2.2249e-3   -1.3143e-3   -1.0524e-3    8.0858e-4   -1.4944e-4            —
[128,256)   -1.0149e-2   -4.2543e-3    2.8761e-3   -7.7215e-3    5.1413e-3   -5.6910e-3    8.9240e-3   -2.9515e-3   -3.5911e-4    3.5358e-4   -4.6137e-4    8.7436e-5            —
[256,512)    1.6554e-2    6.8573e-3   -5.2465e-3    1.2800e-2   -1.1002e-2    2.2249e-3   -2.9515e-3    6.7471e-3   -2.2404e-3   -1.2649e-3    9.3847e-4   -1.9896e-4            —
[512,1024)   -6.1378e-3   -2.5605e-3    1.9281e-3   -4.8161e-3    4.0051e-3   -1.3143e-3   -3.5911e-4   -2.2404e-3    3.3366e-3   -7.8615e-5   -4.7786e-4    6.6055e-5            —
[1024,2048)   -4.7475e-3   -2.0072e-3    1.5652e-3   -3.9731e-3    3.4021e-3   -1.0524e-3    3.5358e-4   -1.2649e-3   -7.8615e-5    1.9412e-3   -1.0381e-3    1.6608e-4            —
[2048,4096)    3.8955e-3    1.6457e-3   -1.2954e-3    3.2737e-3   -2.8259e-3    8.0858e-4   -4.6137e-4    9.3847e-4   -4.7786e-4   -1.0381e-3    1.0641e-3   -1.6368e-4            —
[4096,8192)   -6.9677e-4   -2.9549e-4    2.3387e-4   -5.9517e-4    5.1465e-4   -1.4944e-4    8.7436e-5   -1.9896e-4    6.6055e-5    1.6608e-4   -1.6368e-4    4.0072e-5            —
[8192,16384)            —            —            —            —            —            —            —            —            —            —            —            —            —

SIGN STATISTICS
  Positive: 4623841 (50.0%)  sum=1.30660083e2
  Negative: 4623840 (50.0%)  sum=-1.29060842e2
  |Σ|/Σ|·| = 0.00615754
  Cancellation power: 162.40x

ROBIN σ(d)/d CORRELATION
  d	Q_d			σ(d)/d	e^γ·ln(ln(d))	margin
  1	7.24227243e-1	1.000000	inf	+inf
  2	3.78843980e-1	1.500000	inf	+inf
  3	-7.59178345e-2	1.333333	0.167506	-1.165827
  5	-1.80110264e-2	1.200000	0.847586	-0.352414
  6	2.92544946e-1	2.000000	1.038718	-0.961282
  7	-5.75776155e-3	1.142857	1.185713	+0.042856
  10	7.67965820e-2	1.800000	1.485472	-0.314528
  11	9.81789380e-5	1.090909	1.557711	+0.466801
  13	9.73365206e-4	1.076923	1.677661	+0.600738
  14	3.84121182e-2	1.714286	1.728391	+0.014106
  15	1.19460940e-2	1.600000	1.774356	+0.174356
  17	1.74225366e-3	1.058824	1.854829	+0.796006
  19	1.77293995e-3	1.052632	1.923413	+0.870781
  21	6.73644815e-3	1.523810	1.982946	+0.459137
  22	1.63867790e-2	1.636364	2.009955	+0.373592
  23	1.77506271e-3	1.043478	2.035386	+0.991908
  26	1.21047592e-2	1.615385	2.103701	+0.488317
  29	1.52363848e-3	1.034483	2.162418	+1.127935
  30	1.51919296e-2	2.400000	2.180260	-0.219740
